0.000000000000000000e+00 -1.184781546389734874e-02 1.184781546389734874e-02 0.000000000000000000e+00 5.100841211803844311e-02 -5.100841211803844311e-02 0.000000000000000000e+00 1.151297464540002313e-01 -1.151297464540002313e-01 5.435043095093572418e-02 -5.435043095093572418e-02 1.407121056391032882e-02 -1.407121056391032882e-02 -5.233645464622354027e-01 5.233645464622354027e-01 -1.536773906404553802e-01 1.536773906404553802e-01 2.570605094564403295e-03 -2.570605094564403295e-03 -3.862942198459315968e-01 3.862942198459315968e-01
-3.907959250002507323e-01 -6.624945424959980400e+00 -3.789481095363524954e-01 1.250009078737255752e+00 2.280083840644504534e+00 1.199000666619213451e+00 -1.579829717822717861e+00 1.718984298467979732e+00 -1.694959464276723615e+00 -3.447704959684398496e+00 -1.132616538153566887e+00 4.158991075270014326e-01 -3.971069506146633898e+00 -1.146687748717476474e+00 4.702495384779373233e-01 1.765749279954609285e+00 -1.980033302851084587e+00 -6.718391933159262308e-01 1.379455060108678133e+00 -1.982603907945649890e+00 -8.255165839563827213e-01
3.907959250002507323e-01 3.789481095363524954e-01 6.624945424959980400e+00 -1.250009078737255752e+00 -1.199000666619213451e+00 -2.280083840644504534e+00 1.579829717822717861e+00 1.694959464276723615e+00 -1.718984298467979732e+00 1.132616538153566887e+00 3.447704959684398496e+00 3.971069506146633898e+00 -4.158991075270014326e-01 -4.702495384779373233e-01 1.146687748717476474e+00 1.980033302851084587e+00 -1.765749279954609285e+00 -1.379455060108678133e+00 6.718391933159262308e-01 8.255165839563827213e-01 1.982603907945649890e+00
0.000000000000000000e+00 6.337400611001686723e-02 -6.337400611001686723e-02 0.000000000000000000e+00 4.269150937223331610e-02 -4.269150937223331610e-02 0.000000000000000000e+00 -4.331349696741197963e-01 4.331349696741197963e-01 -1.160147285805003814e-01 1.160147285805003814e-01 -1.633977313888843041e-02 1.633977313888843041e-02 -3.103978381487677574e+00 3.103978381487677574e+00 -6.023134325523293864e-01 6.023134325523293864e-01 4.098423208410523905e-02 -4.098423208410523905e-02 -3.261586876043018446e+00 3.261586876043018446e+00
7.458482338413024992e-02 2.628160509607099238e-01 1.121081727411357698e-02 7.559046927943187111e-01 -5.927006741785961763e-01 7.132131834220852840e-01 -2.015875571138852074e+00 1.489021955035512823e+00 -1.582740601464732277e+00 3.048674743535817022e+00 -2.464205791293256065e-01 -1.128146313797130929e-01 -5.530363795186066245e-02 -2.300808059904372871e-01 -2.288293599602136685e-01 3.067696817189877301e+00 -1.457212497608711521e+00 1.690972562478152974e-01 -1.938900588531407565e-01 -1.498196729692816920e+00 -4.332161763045140335e-01
-7.458482338413024992e-02 -1.121081727411357698e-02 -2.628160509607099238e-01 -7.559046927943187111e-01 -7.132131834220852840e-01 5.927006741785961763e-01 2.015875571138852074e+00 1.582740601464732277e+00 -1.489021955035512823e+00 2.464205791293256065e-01 -3.048674743535817022e+00 5.530363795186066245e-02 1.128146313797130929e-01 2.288293599602136685e-01 2.300808059904372871e-01 1.457212497608711521e+00 -3.067696817189877301e+00 1.938900588531407565e-01 -1.690972562478152974e-01 4.332161763045140335e-01 1.498196729692816920e+00
0.000000000000000000e+00 -1.085917844031307200e-01 1.085917844031307200e-01 0.000000000000000000e+00 1.897220997324958303e+00 -1.897220997324958303e+00 0.000000000000000000e+00 -1.677163906540023230e+00 1.677163906540023230e+00 -8.596925645528163962e-01 8.596925645528163962e-01 5.440207344093872521e-02 -5.440207344093872521e-02 -2.545683996737508892e-01 2.545683996737508892e-01 -1.946053466470735405e+00 1.946053466470735405e+00 -1.292927562127145213e-01 1.292927562127145213e-01 8.233886093483711033e-01 -8.233886093483711033e-01
6.276652230796034293e-02 1.329930625196189264e-01 1.713583067110913405e-01 1.762782971292227829e+00 -2.516851611096797559e-01 -1.344380260327314724e-01 3.375098359008014137e-01 5.361031151163582198e-01 2.014673742440824533e+00 2.088412819425180811e-01 1.544746525574741680e-01 -4.648733842413915740e-02 -4.572711773123211421e-02 1.000725791165357759e-01 -9.061799029769561642e-01 -8.110024374870526964e-01 -3.066469687021477597e+00 -2.046699325625583876e-02 1.238617186131829584e-02 -2.937176930808762521e+00 -1.966520459726991854e+00
-6.276652230796034293e-02 -1.713583067110913405e-01 -1.329930625196189264e-01 -1.762782971292227829e+00 1.344380260327314724e-01 2.516851611096797559e-01 -3.375098359008014137e-01 -2.014673742440824533e+00 -5.361031151163582198e-01 -1.544746525574741680e-01 -2.088412819425180811e-01 4.572711773123211421e-02 4.648733842413915740e-02 9.061799029769561642e-01 -1.000725791165357759e-01 3.066469687021477597e+00 8.110024374870526964e-01 -1.238617186131829584e-02 2.046699325625583876e-02 1.966520459726991854e+00 2.937176930808762521e+00
5.638787660962254478e-01 -6.435711762274939352e-01 -8.293037112415119205e-02 -1.602282303158076182e+00 -2.984410773091608071e+00 -2.291005147994266133e-01 8.686951219209344544e-01 -1.255251361892100626e+00 1.836144949592857678e+00 -5.495773128788599138e+00 -3.696008094456729176e-02 1.358859910045153718e-01 -1.828406748366699919e-01 1.537481158325937347e+00 -7.631829040206257186e-01 -2.576545213576010962e+00 8.752050243127013074e-01 -1.913078657612072853e-01 2.090073222751007709e-01 1.945095073965919186e+00 1.447095384029742693e+00
-5.638787660962254478e-01 8.293037112415119205e-02 6.435711762274939352e-01 1.602282303158076182e+00 2.291005147994266133e-01 2.984410773091608071e+00 -8.686951219209344544e-01 -1.836144949592857678e+00 1.255251361892100626e+00 3.696008094456729176e-02 5.495773128788599138e+00 1.828406748366699919e-01 -1.358859910045153718e-01 7.631829040206257186e-01 -1.537481158325937347e+00 -8.752050243127013074e-01 2.576545213576010962e+00 -2.090073222751007709e-01 1.913078657612072853e-01 -1.447095384029742693e+00 -1.945095073965919186e+00
1.054386126370645410e-01 -5.380437318307325079e-01 -3.680219666790047750e+00 1.815026209414749014e-01 1.461127747683370393e+00 1.903932731017076607e+00 -1.669256027319113933e+00 -8.311157661628949533e-01 1.290222903674385968e+00 -1.497595671923970251e+00 -3.513495655729332867e+00 6.625575886527481639e-01 6.348088323010453449e-01 -2.058104059090503091e-01 5.869314419955840023e-02 -1.938990010759348959e+00 6.512921943939729008e-01 2.532348030128181993e+00 -1.077173657462551226e+00 1.986458728978645061e-01 -8.837287229865666838e-01
-1.054386126370645410e-01 3.680219666790047750e+00 5.380437318307325079e-01 -1.815026209414749014e-01 -1.903932731017076607e+00 -1.461127747683370393e+00 1.669256027319113933e+00 -1.290222903674385968e+00 8.311157661628949533e-01 3.513495655729332867e+00 1.497595671923970251e+00 -6.348088323010453449e-01 -6.625575886527481639e-01 -5.869314419955840023e-02 2.058104059090503091e-01 -6.512921943939729008e-01 1.938990010759348959e+00 1.077173657462551226e+00 -2.532348030128181993e+00 8.837287229865666838e-01 -1.986458728978645061e-01
4.323790843017540908e+00 -2.250824151291308528e-02 -2.583503426549255133e-02 1.080478042074530798e+00 4.759789385795187844e-02 1.411545554747054010e-01 -3.497154178228706334e-02 -1.668889222737413303e-01 -3.757935575803594830e-02 6.992441490453460418e-02 1.283740717195809289e-01 -3.988548640196756118e-02 -2.173306325499083091e-02 4.833215540135849864e+00 3.696336330566003525e+00 -7.338007136657331841e-03 -3.699217265671911337e-01 -6.105063206569755208e-03 8.523698673864682496e-03 4.419718344783074571e-02 -8.602995166690750040e-01
-4.323790843017540908e+00 2.583503426549255133e-02 2.250824151291308528e-02 -1.080478042074530798e+00 -1.411545554747054010e-01 -4.759789385795187844e-02 3.497154178228706334e-02 3.757935575803594830e-02 1.668889222737413303e-01 -1.283740717195809289e-01 -6.992441490453460418e-02 2.173306325499083091e-02 3.988548640196756118e-02 -3.696336330566003525e+00 -4.833215540135849864e+00 3.699217265671911337e-01 7.338007136657331841e-03 -8.523698673864682496e-03 6.105063206569755208e-03 8.602995166690750040e-01 -4.419718344783074571e-02
-7.435344005603805595e-01 2.360343111552161699e-01 7.461235421216028119e-02 1.631933019043126709e+00 -5.668731514794811410e-01 -2.725161180419262141e-01 3.473709092846841706e-01 5.843076851710997666e-01 -2.316651281598125500e+00 -4.444624283854933244e-01 1.721059976030997474e-01 -1.950189925462397778e-02 7.738151424288541858e-02 -1.792118191561587803e+00 1.254991982640235815e+00 -5.270334427216466722e+00 3.035734035254697427e-02 1.520696327289483563e-02 -2.177295127148504150e-02 -1.304594042469121362e+00 -2.126144505532301388e+00
7.435344005603805595e-01 -7.461235421216028119e-02 -2.360343111552161699e-01 -1.631933019043126709e+00 2.725161180419262141e-01 5.668731514794811410e-01 -3.473709092846841706e-01 2.316651281598125500e+00 -5.843076851710997666e-01 -1.721059976030997474e-01 4.444624283854933244e-01 -7.738151424288541858e-02 1.950189925462397778e-02 -1.254991982640235815e+00 1.792118191561587803e+00 -3.035734035254697427e-02 5.270334427216466722e+00 2.177295127148504150e-02 -1.520696327289483563e-02 2.126144505532301388e+00 1.304594042469121362e+00
-1.455745060892399759e-02 6.754231316784263806e-01 1.131441631831736627e+00 3.092875356404706233e-01 -1.486111055075842069e+00 -1.785162312598996159e+00 1.465189302343412825e+00 1.232325765793397948e-01 -5.855562146507018451e-01 1.716067486810472165e+00 2.225878703277255788e+00 -2.092063132992075580e+00 -9.343157368770229620e-01 1.632362260415185992e-03 -1.829351098219418048e-01 1.331001573658217252e+00 7.342902662329022778e-01 1.292222738173380014e-01 1.982617009402718011e+00 -5.494803318802707892e-01 -5.438145675603181517e-02
1.455745060892399759e-02 -1.131441631831736627e+00 -6.754231316784263806e-01 -3.092875356404706233e-01 1.785162312598996159e+00 1.486111055075842069e+00 -1.465189302343412825e+00 5.855562146507018451e-01 -1.232325765793397948e-01 -2.225878703277255788e+00 -1.716067486810472165e+00 9.343157368770229620e-01 2.092063132992075580e+00 1.829351098219418048e-01 -1.632362260415185992e-03 -7.342902662329022778e-01 -1.331001573658217252e+00 -1.982617009402718011e+00 -1.292222738173380014e-01 5.438145675603181517e-02 5.494803318802707892e-01
-1.367475942986952742e+00 -6.005490360323656462e-02 6.811126888195381812e-02 2.352035464078475968e+00 -3.677141759854496428e-02 -1.458219639672841406e-01 1.248529479602300540e-03 8.514619792547124533e-01 -4.706034858640242291e-01 1.786953699420879005e-02 -3.206762457632126306e-01 7.605070475111508355e-02 1.082911221884164110e-02 2.536525561377569460e+00 -2.303260217520140873e+00 5.342733686073766197e-01 1.435274961295835983e-01 -2.640753118909616726e-02 2.402411640348500743e-02 5.141112153399133078e+00 -7.125173149614172363e-01
1.367475942986952742e+00 -6.811126888195381812e-02 6.005490360323656462e-02 -2.352035464078475968e+00 1.458219639672841406e-01 3.677141759854496428e-02 -1.248529479602300540e-03 4.706034858640242291e-01 -8.514619792547124533e-01 3.206762457632126306e-01 -1.786953699420879005e-02 -1.082911221884164110e-02 -7.605070475111508355e-02 2.303260217520140873e+00 -2.536525561377569460e+00 -1.435274961295835983e-01 -5.342733686073766197e-01 -2.402411640348500743e-02 2.640753118909616726e-02 7.125173149614172363e-01 -5.141112153399133078e+00
-6.624945424959980400e+00 -3.907959250002507323e-01 -3.789481095363524954e-01 2.280083840644504534e+00 1.250009078737255752e+00 1.199000666619213451e+00 1.718984298467979732e+00 -1.579829717822717861e+00 -1.694959464276723615e+00 4.702495384779373233e-01 4.158991075270014326e-01 -1.132616538153566887e+00 -1.146687748717476474e+00 -3.971069506146633898e+00 -3.447704959684398496e+00 -8.255165839563827213e-01 -6.718391933159262308e-01 -1.980033302851084587e+00 -1.982603907945649890e+00 1.379455060108678133e+00 1.765749279954609285e+00
-1.184781546389734874e-02 0.000000000000000000e+00 1.184781546389734874e-02 5.100841211803844311e-02 0.000000000000000000e+00 -5.100841211803844311e-02 1.151297464540002313e-01 0.000000000000000000e+00 -1.151297464540002313e-01 5.233645464622354027e-01 1.407121056391032882e-02 -5.435043095093572418e-02 -5.233645464622354027e-01 -1.407121056391032882e-02 5.435043095093572418e-02 3.862942198459315968e-01 2.570605094564403295e-03 1.536773906404553802e-01 -3.862942198459315968e-01 -2.570605094564403295e-03 -1.536773906404553802e-01
3.789481095363524954e-01 3.907959250002507323e-01 6.624945424959980400e+00 -1.199000666619213451e+00 -1.250009078737255752e+00 -2.280083840644504534e+00 1.694959464276723615e+00 1.579829717822717861e+00 -1.718984298467979732e+00 1.146687748717476474e+00 3.971069506146633898e+00 3.447704959684398496e+00 -4.702495384779373233e-01 -4.158991075270014326e-01 1.132616538153566887e+00 1.982603907945649890e+00 -1.379455060108678133e+00 -1.765749279954609285e+00 8.255165839563827213e-01 6.718391933159262308e-01 1.980033302851084587e+00
2.628160509607099238e-01 7.458482338413024992e-02 1.121081727411357698e-02 -5.927006741785961763e-01 7.559046927943187111e-01 7.132131834220852840e-01 1.489021955035512823e+00 -2.015875571138852074e+00 -1.582740601464732277e+00 -2.288293599602136685e-01 -1.128146313797130929e-01 -2.464205791293256065e-01 -2.300808059904372871e-01 -5.530363795186066245e-02 3.048674743535817022e+00 -4.332161763045140335e-01 1.690972562478152974e-01 -1.457212497608711521e+00 -1.498196729692816920e+00 -1.938900588531407565e-01 3.067696817189877301e+00
6.337400611001686723e-02 0.000000000000000000e+00 -6.337400611001686723e-02 4.269150937223331610e-02 0.000000000000000000e+00 -4.269150937223331610e-02 -4.331349696741197963e-01 0.000000000000000000e+00 4.331349696741197963e-01 3.103978381487677574e+00 -1.633977313888843041e-02 1.160147285805003814e-01 -3.103978381487677574e+00 1.633977313888843041e-02 -1.160147285805003814e-01 3.261586876043018446e+00 4.098423208410523905e-02 6.023134325523293864e-01 -3.261586876043018446e+00 -4.098423208410523905e-02 -6.023134325523293864e-01
-1.121081727411357698e-02 -7.458482338413024992e-02 -2.628160509607099238e-01 -7.132131834220852840e-01 -7.559046927943187111e-01 5.927006741785961763e-01 1.582740601464732277e+00 2.015875571138852074e+00 -1.489021955035512823e+00 2.300808059904372871e-01 5.530363795186066245e-02 -3.048674743535817022e+00 2.288293599602136685e-01 1.128146313797130929e-01 2.464205791293256065e-01 1.498196729692816920e+00 1.938900588531407565e-01 -3.067696817189877301e+00 4.332161763045140335e-01 -1.690972562478152974e-01 1.457212497608711521e+00
1.329930625196189264e-01 6.276652230796034293e-02 1.713583067110913405e-01 -2.516851611096797559e-01 1.762782971292227829e+00 -1.344380260327314724e-01 5.361031151163582198e-01 3.375098359008014137e-01 2.014673742440824533e+00 -9.061799029769561642e-01 -4.648733842413915740e-02 1.544746525574741680e-01 1.000725791165357759e-01 -4.572711773123211421e-02 2.088412819425180811e-01 -1.966520459726991854e+00 -2.046699325625583876e-02 -3.066469687021477597e+00 -2.937176930808762521e+00 1.238617186131829584e-02 -8.110024374870526964e-01
-1.085917844031307200e-01 0.000000000000000000e+00 1.085917844031307200e-01 1.897220997324958303e+00 0.000000000000000000e+00 -1.897220997324958303e+00 -1.677163906540023230e+00 0.000000000000000000e+00 1.677163906540023230e+00 2.545683996737508892e-01 5.440207344093872521e-02 8.596925645528163962e-01 -2.545683996737508892e-01 -5.440207344093872521e-02 -8.596925645528163962e-01 -8.233886093483711033e-01 -1.292927562127145213e-01 1.946053466470735405e+00 8.233886093483711033e-01 1.292927562127145213e-01 -1.946053466470735405e+00
-1.713583067110913405e-01 -6.276652230796034293e-02 -1.329930625196189264e-01 1.344380260327314724e-01 -1.762782971292227829e+00 2.516851611096797559e-01 -2.014673742440824533e+00 -3.375098359008014137e-01 -5.361031151163582198e-01 -1.000725791165357759e-01 4.572711773123211421e-02 -2.088412819425180811e-01 9.061799029769561642e-01 4.648733842413915740e-02 -1.544746525574741680e-01 2.937176930808762521e+00 -1.238617186131829584e-02 8.110024374870526964e-01 1.966520459726991854e+00 2.046699325625583876e-02 3.066469687021477597e+00
2.583503426549255133e-02 -4.323790843017540908e+00 2.250824151291308528e-02 -1.411545554747054010e-01 -1.080478042074530798e+00 -4.759789385795187844e-02 3.757935575803594830e-02 3.497154178228706334e-02 1.668889222737413303e-01 -4.833215540135849864e+00 2.173306325499083091e-02 -6.992441490453460418e-02 -3.696336330566003525e+00 3.988548640196756118e-02 -1.283740717195809289e-01 -4.419718344783074571e-02 -8.523698673864682496e-03 7.338007136657331841e-03 8.602995166690750040e-01 6.105063206569755208e-03 3.699217265671911337e-01
-5.380437318307325079e-01 1.054386126370645410e-01 -3.680219666790047750e+00 1.461127747683370393e+00 1.815026209414749014e-01 1.903932731017076607e+00 -8.311157661628949533e-01 -1.669256027319113933e+00 1.290222903674385968e+00 5.869314419955840023e-02 6.625575886527481639e-01 -3.513495655729332867e+00 -2.058104059090503091e-01 6.348088323010453449e-01 -1.497595671923970251e+00 -8.837287229865666838e-01 2.532348030128181993e+00 6.512921943939729008e-01 1.986458728978645061e-01 -1.077173657462551226e+00 -1.938990010759348959e+00
8.293037112415119205e-02 -5.638787660962254478e-01 6.435711762274939352e-01 2.291005147994266133e-01 1.602282303158076182e+00 2.984410773091608071e+00 -1.836144949592857678e+00 -8.686951219209344544e-01 1.255251361892100626e+00 -1.537481158325937347e+00 1.828406748366699919e-01 5.495773128788599138e+00 7.631829040206257186e-01 -1.358859910045153718e-01 3.696008094456729176e-02 -1.945095073965919186e+00 -2.090073222751007709e-01 2.576545213576010962e+00 -1.447095384029742693e+00 1.913078657612072853e-01 -8.752050243127013074e-01
-2.250824151291308528e-02 4.323790843017540908e+00 -2.583503426549255133e-02 4.759789385795187844e-02 1.080478042074530798e+00 1.411545554747054010e-01 -1.668889222737413303e-01 -3.497154178228706334e-02 -3.757935575803594830e-02 3.696336330566003525e+00 -3.988548640196756118e-02 1.283740717195809289e-01 4.833215540135849864e+00 -2.173306325499083091e-02 6.992441490453460418e-02 -8.602995166690750040e-01 -6.105063206569755208e-03 -3.699217265671911337e-01 4.419718344783074571e-02 8.523698673864682496e-03 -7.338007136657331841e-03
3.680219666790047750e+00 -1.054386126370645410e-01 5.380437318307325079e-01 -1.903932731017076607e+00 -1.815026209414749014e-01 -1.461127747683370393e+00 -1.290222903674385968e+00 1.669256027319113933e+00 8.311157661628949533e-01 2.058104059090503091e-01 -6.348088323010453449e-01 1.497595671923970251e+00 -5.869314419955840023e-02 -6.625575886527481639e-01 3.513495655729332867e+00 -1.986458728978645061e-01 1.077173657462551226e+00 1.938990010759348959e+00 8.837287229865666838e-01 -2.532348030128181993e+00 -6.512921943939729008e-01
-6.435711762274939352e-01 5.638787660962254478e-01 -8.293037112415119205e-02 -2.984410773091608071e+00 -1.602282303158076182e+00 -2.291005147994266133e-01 -1.255251361892100626e+00 8.686951219209344544e-01 1.836144949592857678e+00 -7.631829040206257186e-01 1.358859910045153718e-01 -3.696008094456729176e-02 1.537481158325937347e+00 -1.828406748366699919e-01 -5.495773128788599138e+00 1.447095384029742693e+00 -1.913078657612072853e-01 8.752050243127013074e-01 1.945095073965919186e+00 2.090073222751007709e-01 -2.576545213576010962e+00
-6.811126888195381812e-02 1.367475942986952742e+00 6.005490360323656462e-02 1.458219639672841406e-01 -2.352035464078475968e+00 3.677141759854496428e-02 4.706034858640242291e-01 -1.248529479602300540e-03 -8.514619792547124533e-01 -2.536525561377569460e+00 -1.082911221884164110e-02 -1.786953699420879005e-02 2.303260217520140873e+00 -7.605070475111508355e-02 3.206762457632126306e-01 -5.141112153399133078e+00 -2.402411640348500743e-02 -5.342733686073766197e-01 7.125173149614172363e-01 2.640753118909616726e-02 -1.435274961295835983e-01
6.754231316784263806e-01 -1.455745060892399759e-02 1.131441631831736627e+00 -1.486111055075842069e+00 3.092875356404706233e-01 -1.785162312598996159e+00 1.232325765793397948e-01 1.465189302343412825e+00 -5.855562146507018451e-01 -1.829351098219418048e-01 -2.092063132992075580e+00 2.225878703277255788e+00 1.632362260415185992e-03 -9.343157368770229620e-01 1.716067486810472165e+00 -5.438145675603181517e-02 1.292222738173380014e-01 7.342902662329022778e-01 -5.494803318802707892e-01 1.982617009402718011e+00 1.331001573658217252e+00
-7.461235421216028119e-02 7.435344005603805595e-01 -2.360343111552161699e-01 2.725161180419262141e-01 -1.631933019043126709e+00 5.668731514794811410e-01 2.316651281598125500e+00 -3.473709092846841706e-01 -5.843076851710997666e-01 1.792118191561587803e+00 -7.738151424288541858e-02 4.444624283854933244e-01 -1.254991982640235815e+00 1.950189925462397778e-02 -1.721059976030997474e-01 1.304594042469121362e+00 2.177295127148504150e-02 5.270334427216466722e+00 2.126144505532301388e+00 -1.520696327289483563e-02 -3.035734035254697427e-02
-6.005490360323656462e-02 -1.367475942986952742e+00 6.811126888195381812e-02 -3.677141759854496428e-02 2.352035464078475968e+00 -1.458219639672841406e-01 8.514619792547124533e-01 1.248529479602300540e-03 -4.706034858640242291e-01 -2.303260217520140873e+00 7.605070475111508355e-02 -3.206762457632126306e-01 2.536525561377569460e+00 1.082911221884164110e-02 1.786953699420879005e-02 -7.125173149614172363e-01 -2.640753118909616726e-02 1.435274961295835983e-01 5.141112153399133078e+00 2.402411640348500743e-02 5.342733686073766197e-01
-1.131441631831736627e+00 1.455745060892399759e-02 -6.754231316784263806e-01 1.785162312598996159e+00 -3.092875356404706233e-01 1.486111055075842069e+00 5.855562146507018451e-01 -1.465189302343412825e+00 -1.232325765793397948e-01 -1.632362260415185992e-03 9.343157368770229620e-01 -1.716067486810472165e+00 1.829351098219418048e-01 2.092063132992075580e+00 -2.225878703277255788e+00 5.494803318802707892e-01 -1.982617009402718011e+00 -1.331001573658217252e+00 5.438145675603181517e-02 -1.292222738173380014e-01 -7.342902662329022778e-01
2.360343111552161699e-01 -7.435344005603805595e-01 7.461235421216028119e-02 -5.668731514794811410e-01 1.631933019043126709e+00 -2.725161180419262141e-01 5.843076851710997666e-01 3.473709092846841706e-01 -2.316651281598125500e+00 1.254991982640235815e+00 -1.950189925462397778e-02 1.721059976030997474e-01 -1.792118191561587803e+00 7.738151424288541858e-02 -4.444624283854933244e-01 -2.126144505532301388e+00 1.520696327289483563e-02 3.035734035254697427e-02 -1.304594042469121362e+00 -2.177295127148504150e-02 -5.270334427216466722e+00
