-9.618673372584096715e-02 -1.957270622091342172e-02 -1.957270622091342172e-02 -1.957270622091342172e-02 1.352468726454097547e+00 -3.141644393205167418e-01 -3.141644393205167418e-01 -3.141644393205167418e-01 1.448161368421132557e-02 4.759602723425175597e-02 1.386361464792968401e-01 4.759602723425175597e-02 1.386361464792968401e-01 4.759602723425175597e-02 1.386361464792968401e-01 4.759602723425175597e-02 1.448161368421132557e-02 1.448161368421132557e-02 4.759602723425175597e-02 4.759602723425175597e-02
-4.076537827914041012e-02 1.697567497646426671e-02 9.124175762268975642e-01 1.697567497646426671e-02 -3.767137083351909665e-02 -2.017263585241897000e-02 4.724696586985642835e-03 -2.017263585241897000e-02 1.571394455160207357e-02 1.019142920341126017e-02 -1.474506273047826964e-02 2.856042542494412473e-01 1.924788230300464864e-01 2.856042542494412473e-01 -1.474506273047826964e-02 -9.353340238095894654e-02 1.571394455160207357e-02 -4.312527507653965975e-01 1.019142920341126017e-02 -9.353340238095894654e-02
-4.076537827914041012e-02 9.124175762268975642e-01 1.697567497646426671e-02 1.697567497646426671e-02 -3.767137083351909665e-02 4.724696586985642835e-03 -2.017263585241897000e-02 -2.017263585241897000e-02 -4.312527507653965975e-01 2.856042542494412473e-01 -1.474506273047826964e-02 -9.353340238095894654e-02 -1.474506273047826964e-02 1.019142920341126017e-02 1.924788230300464864e-01 1.019142920341126017e-02 1.571394455160207357e-02 1.571394455160207357e-02 -9.353340238095894654e-02 2.856042542494412473e-01
-4.076537827914041012e-02 1.697567497646426671e-02 1.697567497646426671e-02 9.124175762268975642e-01 -3.767137083351909665e-02 -2.017263585241897000e-02 -2.017263585241897000e-02 4.724696586985642835e-03 1.571394455160207357e-02 -9.353340238095894654e-02 1.924788230300464864e-01 1.019142920341126017e-02 -1.474506273047826964e-02 -9.353340238095894654e-02 -1.474506273047826964e-02 2.856042542494412473e-01 -4.312527507653965975e-01 1.571394455160207357e-02 2.856042542494412473e-01 1.019142920341126017e-02
-7.618620068064872741e-02 1.214530392716741888e-02 -2.680520877381791650e-02 1.093024170254335188e-02 1.075290376953856597e-01 1.234690770791217231e-02 -3.043536061462837755e-03 -5.260072050963325863e-01 -2.694394630165430904e-01 4.968804923617325953e-02 -2.426688275814698967e-02 1.298877211285801025e-01 1.076010168143030910e-01 -1.728259192029148877e-02 2.380182227080432367e-01 -1.906866475829974150e-02 9.817479296116555371e-03 2.603404306887383002e-02 -3.966699838881028450e-02 1.297768728169254926e+00
-7.618620068064872741e-02 1.093024170254335188e-02 -2.680520877381791650e-02 1.214530392716741888e-02 1.075290376953856597e-01 -5.260072050963325863e-01 -3.043536061462837755e-03 1.234690770791217231e-02 9.817479296116555371e-03 -3.966699838881028450e-02 2.380182227080432367e-01 -1.728259192029148877e-02 1.076010168143030910e-01 1.298877211285801025e-01 -2.426688275814698967e-02 1.297768728169254926e+00 -2.694394630165430904e-01 2.603404306887383002e-02 4.968804923617325953e-02 -1.906866475829974150e-02
-7.618620068064872741e-02 -2.680520877381791650e-02 1.093024170254335188e-02 1.214530392716741888e-02 1.075290376953856597e-01 -3.043536061462837755e-03 -5.260072050963325863e-01 1.234690770791217231e-02 2.603404306887383002e-02 1.298877211285801025e-01 2.380182227080432367e-01 -1.906866475829974150e-02 -2.426688275814698967e-02 -3.966699838881028450e-02 1.076010168143030910e-01 4.968804923617325953e-02 -2.694394630165430904e-01 9.817479296116555371e-03 1.297768728169254926e+00 -1.728259192029148877e-02
-7.618620068064872741e-02 1.214530392716741888e-02 1.093024170254335188e-02 -2.680520877381791650e-02 1.075290376953856597e-01 1.234690770791217231e-02 -5.260072050963325863e-01 -3.043536061462837755e-03 -2.694394630165430904e-01 1.297768728169254926e+00 1.076010168143030910e-01 -3.966699838881028450e-02 -2.426688275814698967e-02 -1.906866475829974150e-02 2.380182227080432367e-01 -1.728259192029148877e-02 2.603404306887383002e-02 9.817479296116555371e-03 1.298877211285801025e-01 4.968804923617325953e-02
-7.618620068064872741e-02 1.093024170254335188e-02 1.214530392716741888e-02 -2.680520877381791650e-02 1.075290376953856597e-01 -5.260072050963325863e-01 1.234690770791217231e-02 -3.043536061462837755e-03 9.817479296116555371e-03 -1.906866475829974150e-02 1.076010168143030910e-01 4.968804923617325953e-02 2.380182227080432367e-01 1.297768728169254926e+00 -2.426688275814698967e-02 1.298877211285801025e-01 2.603404306887383002e-02 -2.694394630165430904e-01 -1.728259192029148877e-02 -3.966699838881028450e-02
-7.618620068064872741e-02 -2.680520877381791650e-02 1.214530392716741888e-02 1.093024170254335188e-02 1.075290376953856597e-01 -3.043536061462837755e-03 1.234690770791217231e-02 -5.260072050963325863e-01 2.603404306887383002e-02 -1.728259192029148877e-02 -2.426688275814698967e-02 1.297768728169254926e+00 2.380182227080432367e-01 4.968804923617325953e-02 1.076010168143030910e-01 -3.966699838881028450e-02 9.817479296116555371e-03 -2.694394630165430904e-01 -1.906866475829974150e-02 1.298877211285801025e-01
-1.957270622091342172e-02 -1.957270622091342172e-02 -9.618673372584096715e-02 -1.957270622091342172e-02 -3.141644393205167418e-01 -3.141644393205167418e-01 1.352468726454097547e+00 -3.141644393205167418e-01 4.759602723425175597e-02 4.759602723425175597e-02 4.759602723425175597e-02 1.386361464792968401e-01 1.448161368421132557e-02 1.386361464792968401e-01 4.759602723425175597e-02 1.448161368421132557e-02 4.759602723425175597e-02 1.386361464792968401e-01 4.759602723425175597e-02 1.448161368421132557e-02
9.124175762268975642e-01 1.697567497646426671e-02 -4.076537827914041012e-02 1.697567497646426671e-02 4.724696586985642835e-03 -2.017263585241897000e-02 -3.767137083351909665e-02 -2.017263585241897000e-02 -9.353340238095894654e-02 1.019142920341126017e-02 2.856042542494412473e-01 -1.474506273047826964e-02 -4.312527507653965975e-01 -1.474506273047826964e-02 2.856042542494412473e-01 1.571394455160207357e-02 -9.353340238095894654e-02 1.924788230300464864e-01 1.019142920341126017e-02 1.571394455160207357e-02
1.697567497646426671e-02 9.124175762268975642e-01 -4.076537827914041012e-02 1.697567497646426671e-02 -2.017263585241897000e-02 4.724696586985642835e-03 -3.767137083351909665e-02 -2.017263585241897000e-02 2.856042542494412473e-01 2.856042542494412473e-01 1.019142920341126017e-02 1.924788230300464864e-01 1.571394455160207357e-02 -1.474506273047826964e-02 -9.353340238095894654e-02 1.571394455160207357e-02 1.019142920341126017e-02 -1.474506273047826964e-02 -9.353340238095894654e-02 -4.312527507653965975e-01
1.697567497646426671e-02 1.697567497646426671e-02 -4.076537827914041012e-02 9.124175762268975642e-01 -2.017263585241897000e-02 -2.017263585241897000e-02 -3.767137083351909665e-02 4.724696586985642835e-03 1.019142920341126017e-02 -9.353340238095894654e-02 -9.353340238095894654e-02 -1.474506273047826964e-02 1.571394455160207357e-02 1.924788230300464864e-01 1.019142920341126017e-02 -4.312527507653965975e-01 2.856042542494412473e-01 -1.474506273047826964e-02 2.856042542494412473e-01 1.571394455160207357e-02
-2.680520877381791650e-02 1.214530392716741888e-02 -7.618620068064872741e-02 1.093024170254335188e-02 -3.043536061462837755e-03 1.234690770791217231e-02 1.075290376953856597e-01 -5.260072050963325863e-01 1.297768728169254926e+00 4.968804923617325953e-02 -1.728259192029148877e-02 2.380182227080432367e-01 2.603404306887383002e-02 -2.426688275814698967e-02 1.298877211285801025e-01 9.817479296116555371e-03 -1.906866475829974150e-02 1.076010168143030910e-01 -3.966699838881028450e-02 -2.694394630165430904e-01
-2.680520877381791650e-02 1.093024170254335188e-02 -7.618620068064872741e-02 1.214530392716741888e-02 -3.043536061462837755e-03 -5.260072050963325863e-01 1.075290376953856597e-01 1.234690770791217231e-02 -1.906866475829974150e-02 -3.966699838881028450e-02 1.298877211285801025e-01 -2.426688275814698967e-02 2.603404306887383002e-02 2.380182227080432367e-01 -1.728259192029148877e-02 -2.694394630165430904e-01 1.297768728169254926e+00 1.076010168143030910e-01 4.968804923617325953e-02 9.817479296116555371e-03
1.093024170254335188e-02 -2.680520877381791650e-02 -7.618620068064872741e-02 1.214530392716741888e-02 -5.260072050963325863e-01 -3.043536061462837755e-03 1.075290376953856597e-01 1.234690770791217231e-02 -1.728259192029148877e-02 1.298877211285801025e-01 -3.966699838881028450e-02 1.076010168143030910e-01 9.817479296116555371e-03 2.380182227080432367e-01 -1.906866475829974150e-02 -2.694394630165430904e-01 4.968804923617325953e-02 -2.426688275814698967e-02 1.297768728169254926e+00 2.603404306887383002e-02
1.093024170254335188e-02 1.214530392716741888e-02 -7.618620068064872741e-02 -2.680520877381791650e-02 -5.260072050963325863e-01 1.234690770791217231e-02 1.075290376953856597e-01 -3.043536061462837755e-03 4.968804923617325953e-02 1.297768728169254926e+00 -1.906866475829974150e-02 2.380182227080432367e-01 9.817479296116555371e-03 1.076010168143030910e-01 -3.966699838881028450e-02 2.603404306887383002e-02 -1.728259192029148877e-02 -2.426688275814698967e-02 1.298877211285801025e-01 -2.694394630165430904e-01
1.214530392716741888e-02 1.093024170254335188e-02 -7.618620068064872741e-02 -2.680520877381791650e-02 1.234690770791217231e-02 -5.260072050963325863e-01 1.075290376953856597e-01 -3.043536061462837755e-03 -3.966699838881028450e-02 -1.906866475829974150e-02 1.297768728169254926e+00 -2.426688275814698967e-02 -2.694394630165430904e-01 1.076010168143030910e-01 4.968804923617325953e-02 2.603404306887383002e-02 1.298877211285801025e-01 2.380182227080432367e-01 -1.728259192029148877e-02 9.817479296116555371e-03
1.214530392716741888e-02 -2.680520877381791650e-02 -7.618620068064872741e-02 1.093024170254335188e-02 1.234690770791217231e-02 -3.043536061462837755e-03 1.075290376953856597e-01 -5.260072050963325863e-01 1.298877211285801025e-01 -1.728259192029148877e-02 4.968804923617325953e-02 1.076010168143030910e-01 -2.694394630165430904e-01 -2.426688275814698967e-02 1.297768728169254926e+00 9.817479296116555371e-03 -3.966699838881028450e-02 2.380182227080432367e-01 -1.906866475829974150e-02 2.603404306887383002e-02
-1.957270622091342172e-02 -9.618673372584096715e-02 -1.957270622091342172e-02 -1.957270622091342172e-02 -3.141644393205167418e-01 1.352468726454097547e+00 -3.141644393205167418e-01 -3.141644393205167418e-01 1.386361464792968401e-01 1.386361464792968401e-01 4.759602723425175597e-02 1.448161368421132557e-02 4.759602723425175597e-02 4.759602723425175597e-02 1.448161368421132557e-02 4.759602723425175597e-02 4.759602723425175597e-02 4.759602723425175597e-02 1.448161368421132557e-02 1.386361464792968401e-01
1.697567497646426671e-02 -4.076537827914041012e-02 9.124175762268975642e-01 1.697567497646426671e-02 -2.017263585241897000e-02 -3.767137083351909665e-02 4.724696586985642835e-03 -2.017263585241897000e-02 -1.474506273047826964e-02 -1.474506273047826964e-02 1.019142920341126017e-02 -4.312527507653965975e-01 -9.353340238095894654e-02 2.856042542494412473e-01 1.571394455160207357e-02 -9.353340238095894654e-02 1.019142920341126017e-02 2.856042542494412473e-01 1.571394455160207357e-02 1.924788230300464864e-01
9.124175762268975642e-01 -4.076537827914041012e-02 1.697567497646426671e-02 1.697567497646426671e-02 4.724696586985642835e-03 -3.767137083351909665e-02 -2.017263585241897000e-02 -2.017263585241897000e-02 1.924788230300464864e-01 -1.474506273047826964e-02 2.856042542494412473e-01 1.571394455160207357e-02 2.856042542494412473e-01 1.019142920341126017e-02 -4.312527507653965975e-01 1.019142920341126017e-02 -9.353340238095894654e-02 -9.353340238095894654e-02 1.571394455160207357e-02 -1.474506273047826964e-02
1.697567497646426671e-02 -4.076537827914041012e-02 1.697567497646426671e-02 9.124175762268975642e-01 -2.017263585241897000e-02 -3.767137083351909665e-02 -2.017263585241897000e-02 4.724696586985642835e-03 -1.474506273047826964e-02 1.924788230300464864e-01 -9.353340238095894654e-02 1.571394455160207357e-02 1.019142920341126017e-02 -9.353340238095894654e-02 1.571394455160207357e-02 2.856042542494412473e-01 2.856042542494412473e-01 1.019142920341126017e-02 -4.312527507653965975e-01 -1.474506273047826964e-02
1.214530392716741888e-02 -7.618620068064872741e-02 -2.680520877381791650e-02 1.093024170254335188e-02 1.234690770791217231e-02 1.075290376953856597e-01 -3.043536061462837755e-03 -5.260072050963325863e-01 2.380182227080432367e-01 -2.426688275814698967e-02 4.968804923617325953e-02 2.603404306887383002e-02 1.297768728169254926e+00 -1.728259192029148877e-02 -2.694394630165430904e-01 -1.906866475829974150e-02 -3.966699838881028450e-02 1.298877211285801025e-01 9.817479296116555371e-03 1.076010168143030910e-01
1.093024170254335188e-02 -7.618620068064872741e-02 -2.680520877381791650e-02 1.214530392716741888e-02 -5.260072050963325863e-01 1.075290376953856597e-01 -3.043536061462837755e-03 1.234690770791217231e-02 -2.426688275814698967e-02 2.380182227080432367e-01 -3.966699838881028450e-02 2.603404306887383002e-02 -1.906866475829974150e-02 1.298877211285801025e-01 9.817479296116555371e-03 1.297768728169254926e+00 4.968804923617325953e-02 -1.728259192029148877e-02 -2.694394630165430904e-01 1.076010168143030910e-01
-2.680520877381791650e-02 -7.618620068064872741e-02 1.093024170254335188e-02 1.214530392716741888e-02 -3.043536061462837755e-03 1.075290376953856597e-01 -5.260072050963325863e-01 1.234690770791217231e-02 1.076010168143030910e-01 2.380182227080432367e-01 1.298877211285801025e-01 9.817479296116555371e-03 -1.728259192029148877e-02 -3.966699838881028450e-02 2.603404306887383002e-02 4.968804923617325953e-02 1.297768728169254926e+00 -1.906866475829974150e-02 -2.694394630165430904e-01 -2.426688275814698967e-02
1.214530392716741888e-02 -7.618620068064872741e-02 1.093024170254335188e-02 -2.680520877381791650e-02 1.234690770791217231e-02 1.075290376953856597e-01 -5.260072050963325863e-01 -3.043536061462837755e-03 2.380182227080432367e-01 1.076010168143030910e-01 1.297768728169254926e+00 9.817479296116555371e-03 4.968804923617325953e-02 -1.906866475829974150e-02 -2.694394630165430904e-01 -1.728259192029148877e-02 1.298877211285801025e-01 -3.966699838881028450e-02 2.603404306887383002e-02 -2.426688275814698967e-02
1.093024170254335188e-02 -7.618620068064872741e-02 1.214530392716741888e-02 -2.680520877381791650e-02 -5.260072050963325863e-01 1.075290376953856597e-01 1.234690770791217231e-02 -3.043536061462837755e-03 -2.426688275814698967e-02 1.076010168143030910e-01 -1.906866475829974150e-02 -2.694394630165430904e-01 -3.966699838881028450e-02 1.297768728169254926e+00 9.817479296116555371e-03 1.298877211285801025e-01 -1.728259192029148877e-02 4.968804923617325953e-02 2.603404306887383002e-02 2.380182227080432367e-01
-2.680520877381791650e-02 -7.618620068064872741e-02 1.214530392716741888e-02 1.093024170254335188e-02 -3.043536061462837755e-03 1.075290376953856597e-01 1.234690770791217231e-02 -5.260072050963325863e-01 1.076010168143030910e-01 -2.426688275814698967e-02 -1.728259192029148877e-02 -2.694394630165430904e-01 1.298877211285801025e-01 4.968804923617325953e-02 2.603404306887383002e-02 -3.966699838881028450e-02 -1.906866475829974150e-02 1.297768728169254926e+00 9.817479296116555371e-03 2.380182227080432367e-01
-1.957270622091342172e-02 -1.957270622091342172e-02 -1.957270622091342172e-02 -9.618673372584096715e-02 -3.141644393205167418e-01 -3.141644393205167418e-01 -3.141644393205167418e-01 1.352468726454097547e+00 4.759602723425175597e-02 1.448161368421132557e-02 1.448161368421132557e-02 4.759602723425175597e-02 4.759602723425175597e-02 1.448161368421132557e-02 4.759602723425175597e-02 1.386361464792968401e-01 1.386361464792968401e-01 4.759602723425175597e-02 1.386361464792968401e-01 4.759602723425175597e-02
1.697567497646426671e-02 1.697567497646426671e-02 9.124175762268975642e-01 -4.076537827914041012e-02 -2.017263585241897000e-02 -2.017263585241897000e-02 4.724696586985642835e-03 -3.767137083351909665e-02 1.019142920341126017e-02 1.571394455160207357e-02 1.571394455160207357e-02 2.856042542494412473e-01 -9.353340238095894654e-02 -4.312527507653965975e-01 1.019142920341126017e-02 1.924788230300464864e-01 -1.474506273047826964e-02 2.856042542494412473e-01 -1.474506273047826964e-02 -9.353340238095894654e-02
1.697567497646426671e-02 9.124175762268975642e-01 1.697567497646426671e-02 -4.076537827914041012e-02 -2.017263585241897000e-02 4.724696586985642835e-03 -2.017263585241897000e-02 -3.767137083351909665e-02 2.856042542494412473e-01 -4.312527507653965975e-01 1.571394455160207357e-02 -9.353340238095894654e-02 1.019142920341126017e-02 1.571394455160207357e-02 -9.353340238095894654e-02 -1.474506273047826964e-02 -1.474506273047826964e-02 1.019142920341126017e-02 1.924788230300464864e-01 2.856042542494412473e-01
9.124175762268975642e-01 1.697567497646426671e-02 1.697567497646426671e-02 -4.076537827914041012e-02 4.724696586985642835e-03 -2.017263585241897000e-02 -2.017263585241897000e-02 -3.767137083351909665e-02 -9.353340238095894654e-02 1.571394455160207357e-02 -4.312527507653965975e-01 1.019142920341126017e-02 2.856042542494412473e-01 1.571394455160207357e-02 2.856042542494412473e-01 -1.474506273047826964e-02 1.924788230300464864e-01 -9.353340238095894654e-02 -1.474506273047826964e-02 1.019142920341126017e-02
1.093024170254335188e-02 1.214530392716741888e-02 -2.680520877381791650e-02 -7.618620068064872741e-02 -5.260072050963325863e-01 1.234690770791217231e-02 -3.043536061462837755e-03 1.075290376953856597e-01 4.968804923617325953e-02 -2.694394630165430904e-01 9.817479296116555371e-03 1.298877211285801025e-01 -1.906866475829974150e-02 2.603404306887383002e-02 -3.966699838881028450e-02 1.076010168143030910e-01 -2.426688275814698967e-02 -1.728259192029148877e-02 2.380182227080432367e-01 1.297768728169254926e+00
1.214530392716741888e-02 1.093024170254335188e-02 -2.680520877381791650e-02 -7.618620068064872741e-02 1.234690770791217231e-02 -5.260072050963325863e-01 -3.043536061462837755e-03 1.075290376953856597e-01 -3.966699838881028450e-02 9.817479296116555371e-03 -2.694394630165430904e-01 -1.728259192029148877e-02 1.297768728169254926e+00 2.603404306887383002e-02 4.968804923617325953e-02 1.076010168143030910e-01 2.380182227080432367e-01 1.298877211285801025e-01 -2.426688275814698967e-02 -1.906866475829974150e-02
1.214530392716741888e-02 -2.680520877381791650e-02 1.093024170254335188e-02 -7.618620068064872741e-02 1.234690770791217231e-02 -3.043536061462837755e-03 -5.260072050963325863e-01 1.075290376953856597e-01 1.298877211285801025e-01 2.603404306887383002e-02 -2.694394630165430904e-01 -1.906866475829974150e-02 4.968804923617325953e-02 9.817479296116555371e-03 1.297768728169254926e+00 -2.426688275814698967e-02 2.380182227080432367e-01 -3.966699838881028450e-02 1.076010168143030910e-01 -1.728259192029148877e-02
-2.680520877381791650e-02 1.214530392716741888e-02 1.093024170254335188e-02 -7.618620068064872741e-02 -3.043536061462837755e-03 1.234690770791217231e-02 -5.260072050963325863e-01 1.075290376953856597e-01 1.297768728169254926e+00 -2.694394630165430904e-01 2.603404306887383002e-02 -3.966699838881028450e-02 -1.728259192029148877e-02 9.817479296116555371e-03 1.298877211285801025e-01 -2.426688275814698967e-02 1.076010168143030910e-01 -1.906866475829974150e-02 2.380182227080432367e-01 4.968804923617325953e-02
-2.680520877381791650e-02 1.093024170254335188e-02 1.214530392716741888e-02 -7.618620068064872741e-02 -3.043536061462837755e-03 -5.260072050963325863e-01 1.234690770791217231e-02 1.075290376953856597e-01 -1.906866475829974150e-02 9.817479296116555371e-03 2.603404306887383002e-02 4.968804923617325953e-02 1.298877211285801025e-01 -2.694394630165430904e-01 -1.728259192029148877e-02 2.380182227080432367e-01 1.076010168143030910e-01 1.297768728169254926e+00 -2.426688275814698967e-02 -3.966699838881028450e-02
1.093024170254335188e-02 -2.680520877381791650e-02 1.214530392716741888e-02 -7.618620068064872741e-02 -5.260072050963325863e-01 -3.043536061462837755e-03 1.234690770791217231e-02 1.075290376953856597e-01 -1.728259192029148877e-02 2.603404306887383002e-02 9.817479296116555371e-03 1.297768728169254926e+00 -3.966699838881028450e-02 -2.694394630165430904e-01 -1.906866475829974150e-02 2.380182227080432367e-01 -2.426688275814698967e-02 4.968804923617325953e-02 1.076010168143030910e-01 1.298877211285801025e-01
