0.000000000000000000e+00 0.000000000000000000e+00 -3.017698203251326095e-02 3.017698203251326095e-02 1.833320258631525368e+00 -1.833320258631525368e+00 -3.664146213189461987e-02 3.664146213189461987e-02 -1.796678796499631137e+00 1.796678796499631137e+00 0.000000000000000000e+00 -3.017698203251326095e-02 0.000000000000000000e+00 3.017698203251326095e-02 1.796678796499631137e+00 -3.664146213189461987e-02 -1.833320258631525368e+00 -1.796678796499631137e+00 3.664146213189461987e-02 1.833320258631525368e+00
0.000000000000000000e+00 0.000000000000000000e+00 -3.161745145272820690e-02 3.161745145272820690e-02 1.482821472622792847e-01 -1.482821472622792847e-01 2.677969298108666407e-02 -2.677969298108666407e-02 -1.750618402433663512e-01 1.750618402433663512e-01 1.502821807911974172e+00 -3.352054625649616870e+00 -5.764568723296882302e-01 -5.448394208769600233e-01 9.709142050655843459e-01 8.226320578033046171e-01 -1.442087069209281314e+00 -1.468866762190368380e+00 -2.055207277795928267e+00 -1.880145437552559917e+00
1.502821807911974172e+00 -5.764568723296882302e-01 -3.352054625649616870e+00 -5.448394208769600233e-01 -1.880145437552559917e+00 -1.442087069209281314e+00 8.226320578033046171e-01 -2.055207277795928267e+00 -1.468866762190368380e+00 9.709142050655843459e-01 0.000000000000000000e+00 -3.161745145272820690e-02 0.000000000000000000e+00 3.161745145272820690e-02 1.750618402433663512e-01 2.677969298108666407e-02 -1.482821472622792847e-01 -1.750618402433663512e-01 -2.677969298108666407e-02 1.482821472622792847e-01
-1.502821807911974172e+00 5.764568723296882302e-01 5.448394208769600233e-01 3.352054625649616870e+00 1.442087069209281314e+00 1.880145437552559917e+00 2.055207277795928267e+00 -8.226320578033046171e-01 -9.709142050655843459e-01 1.468866762190368380e+00 -1.502821807911974172e+00 5.448394208769600233e-01 5.764568723296882302e-01 3.352054625649616870e+00 1.468866762190368380e+00 2.055207277795928267e+00 1.880145437552559917e+00 -9.709142050655843459e-01 -8.226320578033046171e-01 1.442087069209281314e+00
-1.547794495565776529e+00 9.088687149339673699e-01 -1.645658595194076645e-01 -7.145144361504940367e-02 -2.684383940414676317e+00 6.018446554234482271e-01 8.483971514664756519e-02 -1.309057053603253085e-01 1.541883098984184741e+00 -1.528600076346970704e+00 -2.594862571830842679e-01 9.553209687774430470e-02 -2.135461924899463071e+00 4.322054596748325928e-02 -2.410929174359679905e+00 -2.016410157632536615e-02 2.496244542710351899e-01 -2.059269458123622165e+00 2.177612369534701053e-02 -6.009503669334981257e-02
1.547794495565776529e+00 -9.088687149339673699e-01 7.145144361504940367e-02 1.645658595194076645e-01 -6.018446554234482271e-01 2.684383940414676317e+00 1.309057053603253085e-01 -8.483971514664756519e-02 1.528600076346970704e+00 -1.541883098984184741e+00 1.288308238382692039e+00 -8.133366180562229264e-01 1.146719895825326352e-01 -1.970896065380053797e+00 -6.220087569997737598e-01 2.734547660549974113e-01 -1.928363752763297745e+00 1.647847391243879300e-01 1.468505039653621003e+00 -1.520106975288836981e+00
1.288308238382692039e+00 1.146719895825326352e-01 -8.133366180562229264e-01 -1.970896065380053797e+00 -1.520106975288836981e+00 -1.928363752763297745e+00 2.734547660549974113e-01 1.468505039653621003e+00 1.647847391243879300e-01 -6.220087569997737598e-01 1.547794495565776529e+00 7.145144361504940367e-02 -9.088687149339673699e-01 1.645658595194076645e-01 -1.541883098984184741e+00 1.309057053603253085e-01 2.684383940414676317e+00 1.528600076346970704e+00 -8.483971514664756519e-02 -6.018446554234482271e-01
-1.288308238382692039e+00 -1.146719895825326352e-01 1.970896065380053797e+00 8.133366180562229264e-01 1.928363752763297745e+00 1.520106975288836981e+00 -1.468505039653621003e+00 -2.734547660549974113e-01 6.220087569997737598e-01 -1.647847391243879300e-01 2.594862571830842679e-01 -4.322054596748325928e-02 2.135461924899463071e+00 -9.553209687774430470e-02 2.059269458123622165e+00 -2.177612369534701053e-02 6.009503669334981257e-02 2.410929174359679905e+00 2.016410157632536615e-02 -2.496244542710351899e-01
2.594862571830842679e-01 2.135461924899463071e+00 -4.322054596748325928e-02 -9.553209687774430470e-02 -2.496244542710351899e-01 6.009503669334981257e-02 -2.177612369534701053e-02 2.016410157632536615e-02 2.410929174359679905e+00 2.059269458123622165e+00 -1.288308238382692039e+00 1.970896065380053797e+00 -1.146719895825326352e-01 8.133366180562229264e-01 -1.647847391243879300e-01 -1.468505039653621003e+00 1.520106975288836981e+00 6.220087569997737598e-01 -2.734547660549974113e-01 1.928363752763297745e+00
-2.594862571830842679e-01 -2.135461924899463071e+00 9.553209687774430470e-02 4.322054596748325928e-02 -6.009503669334981257e-02 2.496244542710351899e-01 -2.016410157632536615e-02 2.177612369534701053e-02 -2.059269458123622165e+00 -2.410929174359679905e+00 -1.547794495565776529e+00 -1.645658595194076645e-01 9.088687149339673699e-01 -7.145144361504940367e-02 -1.528600076346970704e+00 8.483971514664756519e-02 6.018446554234482271e-01 1.541883098984184741e+00 -1.309057053603253085e-01 -2.684383940414676317e+00
