-4.597253852487281911e-02 -8.799533874010517787e-01 -8.799533874010517787e-01 -4.597253852487281911e-02 -6.501498747859713045e-02 -1.244442014718715184e+00 -1.244442014718715184e+00 -6.501498747859713045e-02 -4.597253852487281911e-02 -8.799533874010517787e-01 -8.799533874010517787e-01 -4.597253852487281911e-02
-3.585590940368028057e-01 -8.413030105765109123e-01 -8.413030105765109123e-01 -3.585590940368028057e-01 7.963328585674306348e-02 -3.424091799161739780e-01 6.448487377015250654e-01 7.570849310718230640e+00 5.630923643747007268e-02 -2.421198530592512665e-01 4.559769152683337268e-01 5.353398886950359703e+00
5.630923643747007268e-02 -2.421198530592512665e-01 4.559769152683337268e-01 5.353398886950359703e+00 7.570849310718230640e+00 6.448487377015250654e-01 -3.424091799161739780e-01 7.963328585674306348e-02 -3.585590940368028057e-01 -8.413030105765109123e-01 -8.413030105765109123e-01 -3.585590940368028057e-01
5.353398886950359703e+00 4.559769152683337268e-01 -2.421198530592512665e-01 5.630923643747007268e-02 -5.070791336990569942e-01 -1.189782127622617480e+00 -1.189782127622617480e+00 -5.070791336990569942e-01 5.353398886950359703e+00 4.559769152683337268e-01 -2.421198530592512665e-01 5.630923643747007268e-02
5.511438251869102412e-02 8.108871202779074916e-02 -9.899260824740315767e-01 -1.016549610880705501e+00 5.171303731629561806e-01 5.750106219598970725e+00 5.243537381479977943e-01 -1.943121583152941922e-01 -2.349353850087976259e-02 3.242629174339377585e-01 8.735823541978489093e-01 5.003630637507923140e-01
-1.016549610880705501e+00 -9.899260824740315767e-01 8.108871202779074916e-02 5.511438251869102412e-02 -3.322488077607849144e-02 4.585770156097416228e-01 1.235432013156414488e+00 7.076202308669237162e-01 3.656663936210564070e-01 4.065939100421376295e+00 3.707740839849648640e-01 -1.373994448117382694e-01
3.656663936210564070e-01 4.065939100421376295e+00 3.707740839849648640e-01 -1.373994448117382694e-01 7.076202308669237162e-01 1.235432013156414488e+00 4.585770156097416228e-01 -3.322488077607849144e-02 -1.016549610880705501e+00 -9.899260824740315767e-01 8.108871202779074916e-02 5.511438251869102412e-02
-1.373994448117382694e-01 3.707740839849648640e-01 4.065939100421376295e+00 3.656663936210564070e-01 -1.437618246532586630e+00 -1.399966891581642781e+00 1.146767563050684613e-01 7.794350723975146389e-02 5.003630637507923140e-01 8.735823541978489093e-01 3.242629174339377585e-01 -2.349353850087976259e-02
5.003630637507923140e-01 8.735823541978489093e-01 3.242629174339377585e-01 -2.349353850087976259e-02 7.794350723975146389e-02 1.146767563050684613e-01 -1.399966891581642781e+00 -1.437618246532586630e+00 -1.373994448117382694e-01 3.707740839849648640e-01 4.065939100421376295e+00 3.656663936210564070e-01
-2.349353850087976259e-02 3.242629174339377585e-01 8.735823541978489093e-01 5.003630637507923140e-01 -1.943121583152941922e-01 5.243537381479977943e-01 5.750106219598970725e+00 5.171303731629561806e-01 5.511438251869102412e-02 8.108871202779074916e-02 -9.899260824740315767e-01 -1.016549610880705501e+00
