0.000000000000000000e+00 0.000000000000000000e+00 0.000000000000000000e+00 -9.694942634794165293e-02 3.027634270400688110e-01 3.298485680438135503e+00 9.694942634794165293e-02 -3.027634270400688110e-01 -3.298485680438135503e+00
0.000000000000000000e+00 0.000000000000000000e+00 0.000000000000000000e+00 3.298485680438135503e+00 3.027634270400688110e-01 -9.694942634794165293e-02 -3.919825279273306817e-01 -7.278064792531955263e-01 -3.919825279273306817e-01
0.000000000000000000e+00 0.000000000000000000e+00 0.000000000000000000e+00 3.919825279273306817e-01 7.278064792531955263e-01 3.919825279273306817e-01 -3.298485680438135503e+00 -3.027634270400688110e-01 9.694942634794165293e-02
0.000000000000000000e+00 0.000000000000000000e+00 0.000000000000000000e+00 -7.311661303469741968e-01 -6.867884842939155909e-01 5.601583668738554372e-03 7.311661303469741968e-01 6.867884842939155909e-01 -5.601583668738554372e-03
0.000000000000000000e+00 0.000000000000000000e+00 0.000000000000000000e+00 5.601583668738554372e-03 -6.867884842939155909e-01 -7.311661303469741968e-01 -2.002935145740352696e-01 -2.706910301921165107e+00 -2.002935145740352696e-01
0.000000000000000000e+00 0.000000000000000000e+00 0.000000000000000000e+00 2.002935145740352696e-01 2.706910301921165107e+00 2.002935145740352696e-01 -5.601583668738554372e-03 6.867884842939155909e-01 7.311661303469741968e-01
-3.919825279273306817e-01 -7.278064792531955263e-01 -3.919825279273306817e-01 -9.694942634794165293e-02 3.027634270400688110e-01 3.298485680438135503e+00 0.000000000000000000e+00 0.000000000000000000e+00 0.000000000000000000e+00
9.694942634794165293e-02 -3.027634270400688110e-01 -3.298485680438135503e+00 3.298485680438135503e+00 3.027634270400688110e-01 -9.694942634794165293e-02 0.000000000000000000e+00 0.000000000000000000e+00 0.000000000000000000e+00
-3.298485680438135503e+00 -3.027634270400688110e-01 9.694942634794165293e-02 3.919825279273306817e-01 7.278064792531955263e-01 3.919825279273306817e-01 0.000000000000000000e+00 0.000000000000000000e+00 0.000000000000000000e+00
-2.002935145740352696e-01 -2.706910301921165107e+00 -2.002935145740352696e-01 -7.311661303469741968e-01 -6.867884842939155909e-01 5.601583668738554372e-03 0.000000000000000000e+00 0.000000000000000000e+00 0.000000000000000000e+00
7.311661303469741968e-01 6.867884842939155909e-01 -5.601583668738554372e-03 5.601583668738554372e-03 -6.867884842939155909e-01 -7.311661303469741968e-01 0.000000000000000000e+00 0.000000000000000000e+00 0.000000000000000000e+00
-5.601583668738554372e-03 6.867884842939155909e-01 7.311661303469741968e-01 2.002935145740352696e-01 2.706910301921165107e+00 2.002935145740352696e-01 0.000000000000000000e+00 0.000000000000000000e+00 0.000000000000000000e+00
