-4.033782142102017992e-02 5.709515463396982321e-03 1.373104610090496225e+00 1.514722973168534069e-02 -9.945641705489137452e-03 -3.122975366206741030e-02 2.180851443513562651e-02 -9.305564370998754831e-03 -4.503877257883326553e-03 2.766145892496545654e-03 -7.658940283421307171e-01 1.912655167372205867e-01 -2.052917464164815201e-02 1.360542721573954894e-01 -7.104272133388728032e-03 1.550181040494172336e-03 4.450227078186293483e-01 -8.690882208005690224e-02 4.349199374024967368e-02 -2.601980916210424599e-01 3.636012852637903088e-05
-7.049424280334637416e-02 -1.186050719298528851e-02 4.825501045600841948e-03 -1.726227266266549543e-01 1.551911625790559739e-02 -7.387089938631919983e-01 -6.873304808174495427e-04 3.834712927451870979e-01 -3.196809283119970979e-02 -4.926250802270704804e-03 -2.339404664038508830e-01 1.407611041132645457e+00 4.340528527085274479e-02 1.973052223883062228e-01 4.345582237326968411e-02 2.049725140056132887e-04 3.050275797993273752e-01 2.267250951860750874e-01 -9.769724734394197307e-02 -2.811292731952279023e-01 1.648420283031140979e-02
-1.012931768148706002e-01 1.902145399276054111e-02 -2.669159809942766790e-02 -4.055483390549270428e-01 5.024671018798358701e-02 -5.138524699918247673e-01 -6.807424146289373645e-01 5.664618067635955878e-01 2.550445784341074384e-01 1.064829635222917879e-03 5.874678651654897943e-02 6.964947624555460626e-02 -7.263340790407356307e-02 2.157706677754470392e-01 1.423098792721818606e-01 -3.348967439302760751e-02 6.599496048174127716e-02 1.453636381909699793e+00 1.664296280908832415e-01 -1.885286647621520761e-01 -4.159741365648562950e-02
-1.012931768148706002e-01 -2.669159809942766790e-02 1.902145399276054111e-02 -4.055483390549270428e-01 -5.138524699918247673e-01 5.024671018798358701e-02 -6.807424146289373645e-01 2.550445784341074384e-01 5.664618067635955878e-01 5.874678651654897943e-02 1.064829635222917879e-03 -7.263340790407356307e-02 6.964947624555460626e-02 1.423098792721818606e-01 2.157706677754470392e-01 6.599496048174127716e-02 -3.348967439302760751e-02 1.664296280908832415e-01 1.453636381909699793e+00 -4.159741365648562950e-02 -1.885286647621520761e-01
-7.049424280334637416e-02 4.825501045600841948e-03 -1.186050719298528851e-02 -1.726227266266549543e-01 -7.387089938631919983e-01 1.551911625790559739e-02 -6.873304808174495427e-04 -3.196809283119970979e-02 3.834712927451870979e-01 -2.339404664038508830e-01 -4.926250802270704804e-03 4.340528527085274479e-02 1.407611041132645457e+00 4.345582237326968411e-02 1.973052223883062228e-01 3.050275797993273752e-01 2.049725140056132887e-04 -9.769724734394197307e-02 2.267250951860750874e-01 1.648420283031140979e-02 -2.811292731952279023e-01
-4.033782142102017992e-02 1.373104610090496225e+00 5.709515463396982321e-03 1.514722973168534069e-02 -3.122975366206741030e-02 -9.945641705489137452e-03 2.180851443513562651e-02 -4.503877257883326553e-03 -9.305564370998754831e-03 -7.658940283421307171e-01 2.766145892496545654e-03 -2.052917464164815201e-02 1.912655167372205867e-01 -7.104272133388728032e-03 1.360542721573954894e-01 4.450227078186293483e-01 1.550181040494172336e-03 4.349199374024967368e-02 -8.690882208005690224e-02 3.636012852637903088e-05 -2.601980916210424599e-01
5.709515463396982321e-03 1.373104610090496225e+00 -4.033782142102017992e-02 -9.945641705489137452e-03 -3.122975366206741030e-02 1.514722973168534069e-02 -9.305564370998754831e-03 -4.503877257883326553e-03 2.180851443513562651e-02 1.912655167372205867e-01 -7.104272133388728032e-03 1.360542721573954894e-01 -7.658940283421307171e-01 2.766145892496545654e-03 -2.052917464164815201e-02 -8.690882208005690224e-02 3.636012852637903088e-05 -2.601980916210424599e-01 4.450227078186293483e-01 1.550181040494172336e-03 4.349199374024967368e-02
-1.186050719298528851e-02 4.825501045600841948e-03 -7.049424280334637416e-02 1.551911625790559739e-02 -7.387089938631919983e-01 -1.726227266266549543e-01 3.834712927451870979e-01 -3.196809283119970979e-02 -6.873304808174495427e-04 1.407611041132645457e+00 4.345582237326968411e-02 1.973052223883062228e-01 -2.339404664038508830e-01 -4.926250802270704804e-03 4.340528527085274479e-02 2.267250951860750874e-01 1.648420283031140979e-02 -2.811292731952279023e-01 3.050275797993273752e-01 2.049725140056132887e-04 -9.769724734394197307e-02
1.902145399276054111e-02 -2.669159809942766790e-02 -1.012931768148706002e-01 5.024671018798358701e-02 -5.138524699918247673e-01 -4.055483390549270428e-01 5.664618067635955878e-01 2.550445784341074384e-01 -6.807424146289373645e-01 6.964947624555460626e-02 1.423098792721818606e-01 2.157706677754470392e-01 5.874678651654897943e-02 1.064829635222917879e-03 -7.263340790407356307e-02 1.453636381909699793e+00 -4.159741365648562950e-02 -1.885286647621520761e-01 6.599496048174127716e-02 -3.348967439302760751e-02 1.664296280908832415e-01
-2.669159809942766790e-02 1.902145399276054111e-02 -1.012931768148706002e-01 -5.138524699918247673e-01 5.024671018798358701e-02 -4.055483390549270428e-01 2.550445784341074384e-01 5.664618067635955878e-01 -6.807424146289373645e-01 -7.263340790407356307e-02 2.157706677754470392e-01 1.423098792721818606e-01 1.064829635222917879e-03 5.874678651654897943e-02 6.964947624555460626e-02 1.664296280908832415e-01 -1.885286647621520761e-01 -4.159741365648562950e-02 -3.348967439302760751e-02 6.599496048174127716e-02 1.453636381909699793e+00
4.825501045600841948e-03 -1.186050719298528851e-02 -7.049424280334637416e-02 -7.387089938631919983e-01 1.551911625790559739e-02 -1.726227266266549543e-01 -3.196809283119970979e-02 3.834712927451870979e-01 -6.873304808174495427e-04 4.340528527085274479e-02 1.973052223883062228e-01 4.345582237326968411e-02 -4.926250802270704804e-03 -2.339404664038508830e-01 1.407611041132645457e+00 -9.769724734394197307e-02 -2.811292731952279023e-01 1.648420283031140979e-02 2.049725140056132887e-04 3.050275797993273752e-01 2.267250951860750874e-01
1.373104610090496225e+00 5.709515463396982321e-03 -4.033782142102017992e-02 -3.122975366206741030e-02 -9.945641705489137452e-03 1.514722973168534069e-02 -4.503877257883326553e-03 -9.305564370998754831e-03 2.180851443513562651e-02 -2.052917464164815201e-02 1.360542721573954894e-01 -7.104272133388728032e-03 2.766145892496545654e-03 -7.658940283421307171e-01 1.912655167372205867e-01 4.349199374024967368e-02 -2.601980916210424599e-01 3.636012852637903088e-05 1.550181040494172336e-03 4.450227078186293483e-01 -8.690882208005690224e-02
5.709515463396982321e-03 -4.033782142102017992e-02 1.373104610090496225e+00 -9.945641705489137452e-03 1.514722973168534069e-02 -3.122975366206741030e-02 -9.305564370998754831e-03 2.180851443513562651e-02 -4.503877257883326553e-03 -7.104272133388728032e-03 1.912655167372205867e-01 -7.658940283421307171e-01 1.360542721573954894e-01 -2.052917464164815201e-02 2.766145892496545654e-03 3.636012852637903088e-05 -8.690882208005690224e-02 4.450227078186293483e-01 -2.601980916210424599e-01 4.349199374024967368e-02 1.550181040494172336e-03
-1.186050719298528851e-02 -7.049424280334637416e-02 4.825501045600841948e-03 1.551911625790559739e-02 -1.726227266266549543e-01 -7.387089938631919983e-01 3.834712927451870979e-01 -6.873304808174495427e-04 -3.196809283119970979e-02 4.345582237326968411e-02 1.407611041132645457e+00 -2.339404664038508830e-01 1.973052223883062228e-01 4.340528527085274479e-02 -4.926250802270704804e-03 1.648420283031140979e-02 2.267250951860750874e-01 3.050275797993273752e-01 -2.811292731952279023e-01 -9.769724734394197307e-02 2.049725140056132887e-04
1.902145399276054111e-02 -1.012931768148706002e-01 -2.669159809942766790e-02 5.024671018798358701e-02 -4.055483390549270428e-01 -5.138524699918247673e-01 5.664618067635955878e-01 -6.807424146289373645e-01 2.550445784341074384e-01 1.423098792721818606e-01 6.964947624555460626e-02 5.874678651654897943e-02 2.157706677754470392e-01 -7.263340790407356307e-02 1.064829635222917879e-03 -4.159741365648562950e-02 1.453636381909699793e+00 6.599496048174127716e-02 -1.885286647621520761e-01 1.664296280908832415e-01 -3.348967439302760751e-02
-2.669159809942766790e-02 -1.012931768148706002e-01 1.902145399276054111e-02 -5.138524699918247673e-01 -4.055483390549270428e-01 5.024671018798358701e-02 2.550445784341074384e-01 -6.807424146289373645e-01 5.664618067635955878e-01 2.157706677754470392e-01 -7.263340790407356307e-02 1.064829635222917879e-03 1.423098792721818606e-01 6.964947624555460626e-02 5.874678651654897943e-02 -1.885286647621520761e-01 1.664296280908832415e-01 -3.348967439302760751e-02 -4.159741365648562950e-02 1.453636381909699793e+00 6.599496048174127716e-02
4.825501045600841948e-03 -7.049424280334637416e-02 -1.186050719298528851e-02 -7.387089938631919983e-01 -1.726227266266549543e-01 1.551911625790559739e-02 -3.196809283119970979e-02 -6.873304808174495427e-04 3.834712927451870979e-01 1.973052223883062228e-01 4.340528527085274479e-02 -4.926250802270704804e-03 4.345582237326968411e-02 1.407611041132645457e+00 -2.339404664038508830e-01 -2.811292731952279023e-01 -9.769724734394197307e-02 2.049725140056132887e-04 1.648420283031140979e-02 2.267250951860750874e-01 3.050275797993273752e-01
1.373104610090496225e+00 -4.033782142102017992e-02 5.709515463396982321e-03 -3.122975366206741030e-02 1.514722973168534069e-02 -9.945641705489137452e-03 -4.503877257883326553e-03 2.180851443513562651e-02 -9.305564370998754831e-03 1.360542721573954894e-01 -2.052917464164815201e-02 2.766145892496545654e-03 -7.104272133388728032e-03 1.912655167372205867e-01 -7.658940283421307171e-01 -2.601980916210424599e-01 4.349199374024967368e-02 1.550181040494172336e-03 3.636012852637903088e-05 -8.690882208005690224e-02 4.450227078186293483e-01
