-2.664259982655415859e-01 -7.338455722133785386e-01 -1.149531163758962693e+00 -1.149531163758962693e+00 -7.338455722133785386e-01 -2.664259982655415859e-01 3.949002673760036719e-02 -1.579446091256571094e-01 3.981487986906938614e-01 -9.088834919818458147e-01 1.364833922687869627e+00 1.488931375717244876e+01 2.792366569539549148e-02 -1.116837041646103756e-01 2.815337154754679050e-01 -6.426776804888714167e-01 9.650833219260297469e-01 1.052833472491078659e+01
2.792366569539549148e-02 -1.116837041646103756e-01 2.815337154754679050e-01 -6.426776804888714167e-01 9.650833219260297469e-01 1.052833472491078659e+01 1.488931375717244876e+01 1.364833922687869627e+00 -9.088834919818458147e-01 3.981487986906938614e-01 -1.579446091256571094e-01 3.949002673760036719e-02 -2.664259982655415859e-01 -7.338455722133785386e-01 -1.149531163758962693e+00 -1.149531163758962693e+00 -7.338455722133785386e-01 -2.664259982655415859e-01
1.052833472491078659e+01 9.650833219260297469e-01 -6.426776804888714167e-01 2.815337154754679050e-01 -1.116837041646103756e-01 2.792366569539549148e-02 -3.767832601159198935e-01 -1.037814360911604838e+00 -1.625682562158452749e+00 -1.625682562158452749e+00 -1.037814360911604838e+00 -3.767832601159198935e-01 1.052833472491078659e+01 9.650833219260297469e-01 -6.426776804888714167e-01 2.815337154754679050e-01 -1.116837041646103756e-01 2.792366569539549148e-02
-1.864016585447642732e-02 -1.522522305688818189e-01 -8.580488685412039906e-01 -8.580488685412039906e-01 -1.522522305688818189e-01 -1.864016585447642732e-02 -1.082101542422868462e-01 2.601791719444506712e-01 2.978082330106628373e-01 -2.212372365040554456e+00 -2.014008535011342360e+00 -4.700273065708173714e-01 -7.651613385796313116e-02 1.839744568054219043e-01 2.105822210550234719e-01 -1.564383501829895495e+00 -1.424119092474104065e+00 -3.323594958190733140e-01
-7.651613385796313116e-02 1.839744568054219043e-01 2.105822210550234719e-01 -1.564383501829895495e+00 -1.424119092474104065e+00 -3.323594958190733140e-01 -4.700273065708173714e-01 -2.014008535011342360e+00 -2.212372365040554456e+00 2.978082330106628373e-01 2.601791719444506712e-01 -1.082101542422868462e-01 -1.864016585447642732e-02 -1.522522305688818189e-01 -8.580488685412039906e-01 -8.580488685412039906e-01 -1.522522305688818189e-01 -1.864016585447642732e-02
-3.323594958190733140e-01 -1.424119092474104065e+00 -1.564383501829895495e+00 2.105822210550234719e-01 1.839744568054219043e-01 -7.651613385796313116e-02 -2.636117535628473840e-02 -2.153171693720684066e-01 -1.213464347069860283e+00 -1.213464347069860283e+00 -2.153171693720684066e-01 -2.636117535628473840e-02 -3.323594958190733140e-01 -1.424119092474104065e+00 -1.564383501829895495e+00 2.105822210550234719e-01 1.839744568054219043e-01 -7.651613385796313116e-02
1.818382169020650307e-01 -1.239302830344350959e-01 -1.419122260405349500e+00 -1.419122260405349500e+00 -1.239302830344350959e-01 1.818382169020650307e-01 1.878523165200699507e-01 6.725009756064468380e-01 1.590506141562390896e+00 5.788296683826886779e-01 -6.732837857131312997e-02 -1.766949483428421064e-01 1.328316468729433264e-01 4.755300002058875375e-01 1.124657678217617640e+00 4.092943836653597511e-01 -4.760835305407048329e-02 -1.249421961746302046e-01
1.328316468729433264e-01 4.755300002058875375e-01 1.124657678217617640e+00 4.092943836653597511e-01 -4.760835305407048329e-02 -1.249421961746302046e-01 -1.766949483428421064e-01 -6.732837857131312997e-02 5.788296683826886779e-01 1.590506141562390896e+00 6.725009756064468380e-01 1.878523165200699507e-01 1.818382169020650307e-01 -1.239302830344350959e-01 -1.419122260405349500e+00 -1.419122260405349500e+00 -1.239302830344350959e-01 1.818382169020650307e-01
-1.249421961746302046e-01 -4.760835305407048329e-02 4.092943836653597511e-01 1.124657678217617640e+00 4.755300002058875375e-01 1.328316468729433264e-01 2.571580725006411550e-01 -1.752638870560341844e-01 -2.006941947330808773e+00 -2.006941947330808773e+00 -1.752638870560341844e-01 2.571580725006411550e-01 -1.249421961746302046e-01 -4.760835305407048329e-02 4.092943836653597511e-01 1.124657678217617640e+00 4.755300002058875375e-01 1.328316468729433264e-01
3.138885014261884321e-02 -9.371576530211903067e-02 6.896399121594626314e-02 4.720985071521969223e-01 -1.934602794978611318e+00 -1.803837906562246296e+00 1.436456738072232397e+00 1.167679065687937978e+01 8.383781206291291976e-01 -7.018861614881084510e-01 2.857556139987741384e-01 -7.102008250904365272e-02 -4.584746788517792687e-02 -1.430072587197592573e-02 5.167566035674822089e-01 1.113503983201963976e+00 9.553074677049950836e-01 3.697340592973633600e-01
-1.803837906562246296e+00 -1.934602794978611318e+00 4.720985071521969223e-01 6.896399121594626314e-02 -9.371576530211903067e-02 3.138885014261884321e-02 -6.483811088368397757e-02 -2.022428047992841371e-02 7.308041972109897699e-01 1.574732434800679926e+00 1.351008777064701238e+00 5.228829211295887847e-01 1.015728300371984805e+00 8.256737855975130103e+00 5.928228542952911351e-01 -4.963084644092370379e-01 2.020597324206588608e-01 -5.021878194257274608e-02
1.015728300371984805e+00 8.256737855975130103e+00 5.928228542952911351e-01 -4.963084644092370379e-01 2.020597324206588608e-01 -5.021878194257274608e-02 5.228829211295887847e-01 1.351008777064701238e+00 1.574732434800679926e+00 7.308041972109897699e-01 -2.022428047992841371e-02 -6.483811088368397757e-02 -1.803837906562246296e+00 -1.934602794978611318e+00 4.720985071521969223e-01 6.896399121594626314e-02 -9.371576530211903067e-02 3.138885014261884321e-02
-5.021878194257274608e-02 2.020597324206588608e-01 -4.963084644092370379e-01 5.928228542952911351e-01 8.256737855975130103e+00 1.015728300371984805e+00 -2.551012031783020273e+00 -2.735941510463649529e+00 6.676481115907286767e-01 9.752981169297016140e-02 -1.325341062984307927e-01 4.439053757898810126e-02 3.697340592973633600e-01 9.553074677049950836e-01 1.113503983201963976e+00 5.167566035674822089e-01 -1.430072587197592573e-02 -4.584746788517792687e-02
3.697340592973633600e-01 9.553074677049950836e-01 1.113503983201963976e+00 5.167566035674822089e-01 -1.430072587197592573e-02 -4.584746788517792687e-02 4.439053757898810126e-02 -1.325341062984307927e-01 9.752981169297016140e-02 6.676481115907286767e-01 -2.735941510463649529e+00 -2.551012031783020273e+00 -5.021878194257274608e-02 2.020597324206588608e-01 -4.963084644092370379e-01 5.928228542952911351e-01 8.256737855975130103e+00 1.015728300371984805e+00
-4.584746788517792687e-02 -1.430072587197592573e-02 5.167566035674822089e-01 1.113503983201963976e+00 9.553074677049950836e-01 3.697340592973633600e-01 -7.102008250904365272e-02 2.857556139987741384e-01 -7.018861614881084510e-01 8.383781206291291976e-01 1.167679065687937978e+01 1.436456738072232397e+00 3.138885014261884321e-02 -9.371576530211903067e-02 6.896399121594626314e-02 4.720985071521969223e-01 -1.934602794978611318e+00 -1.803837906562246296e+00
6.040629753648545097e-02 -6.932247331828575443e-02 -2.625603586849623028e-01 3.287098055808707064e-01 1.352173460235871705e+00 6.691392924339061299e-01 -4.513487200536498989e-01 1.483333266230025371e+00 1.035672631961937107e+01 9.603684649816783825e-01 -6.361062362855756103e-01 1.551443033132545724e-01 6.825071756827919001e-02 8.093990572044211518e-02 3.694157250861891673e-02 -7.331380283583373014e-01 -1.074165884703515150e+00 -4.410033112224966967e-01
6.691392924339061299e-01 1.352173460235871705e+00 3.287098055808707064e-01 -2.625603586849623028e-01 -6.932247331828575443e-02 6.040629753648545097e-02 9.652109042675627304e-02 1.144663124070487981e-01 5.224327285707812407e-02 -1.036813742795831716e+00 -1.519099962386206482e+00 -6.236728637822979149e-01 -3.191517406298044479e-01 1.048875011310841820e+00 7.323311411496051804e+00 6.790830540262597914e-01 -4.497950332325827416e-01 1.097035889352651478e-01
-3.191517406298044479e-01 1.048875011310841820e+00 7.323311411496051804e+00 6.790830540262597914e-01 -4.497950332325827416e-01 1.097035889352651478e-01 -6.236728637822979149e-01 -1.519099962386206482e+00 -1.036813742795831716e+00 5.224327285707812407e-02 1.144663124070487981e-01 9.652109042675627304e-02 6.691392924339061299e-01 1.352173460235871705e+00 3.287098055808707064e-01 -2.625603586849623028e-01 -6.932247331828575443e-02 6.040629753648545097e-02
1.097035889352651478e-01 -4.497950332325827416e-01 6.790830540262597914e-01 7.323311411496051804e+00 1.048875011310841820e+00 -3.191517406298044479e-01 9.463058624767664018e-01 1.912262046146526284e+00 4.648658651374900641e-01 -3.713164201938184417e-01 -9.803678194396668599e-02 8.542740522884242904e-02 -4.410033112224966967e-01 -1.074165884703515150e+00 -7.331380283583373014e-01 3.694157250861891673e-02 8.093990572044211518e-02 6.825071756827919001e-02
-4.410033112224966967e-01 -1.074165884703515150e+00 -7.331380283583373014e-01 3.694157250861891673e-02 8.093990572044211518e-02 6.825071756827919001e-02 8.542740522884242904e-02 -9.803678194396668599e-02 -3.713164201938184417e-01 4.648658651374900641e-01 1.912262046146526284e+00 9.463058624767664018e-01 1.097035889352651478e-01 -4.497950332325827416e-01 6.790830540262597914e-01 7.323311411496051804e+00 1.048875011310841820e+00 -3.191517406298044479e-01
6.825071756827919001e-02 8.093990572044211518e-02 3.694157250861891673e-02 -7.331380283583373014e-01 -1.074165884703515150e+00 -4.410033112224966967e-01 1.551443033132545724e-01 -6.361062362855756103e-01 9.603684649816783825e-01 1.035672631961937107e+01 1.483333266230025371e+00 -4.513487200536498989e-01 6.040629753648545097e-02 -6.932247331828575443e-02 -2.625603586849623028e-01 3.287098055808707064e-01 1.352173460235871705e+00 6.691392924339061299e-01
