0.000000000000000000e+00 0.000000000000000000e+00 0.000000000000000000e+00 0.000000000000000000e+00 0.000000000000000000e+00 0.000000000000000000e+00 2.792366569539533189e-02 -1.116837041646103756e-01 2.815337154754675719e-01 -6.426776804888714167e-01 9.650833219260289697e-01 1.052833472491078659e+01 -2.792366569539533189e-02 1.116837041646103756e-01 -2.815337154754675719e-01 6.426776804888714167e-01 -9.650833219260289697e-01 -1.052833472491078659e+01
0.000000000000000000e+00 0.000000000000000000e+00 0.000000000000000000e+00 0.000000000000000000e+00 0.000000000000000000e+00 0.000000000000000000e+00 1.052833472491078659e+01 9.650833219260289697e-01 -6.426776804888714167e-01 2.815337154754675719e-01 -1.116837041646103756e-01 2.792366569539533189e-02 2.664259982655416414e-01 7.338455722133785386e-01 1.149531163758962693e+00 1.149531163758962693e+00 7.338455722133785386e-01 2.664259982655416414e-01
0.000000000000000000e+00 0.000000000000000000e+00 0.000000000000000000e+00 0.000000000000000000e+00 0.000000000000000000e+00 0.000000000000000000e+00 -2.664259982655416414e-01 -7.338455722133785386e-01 -1.149531163758962693e+00 -1.149531163758962693e+00 -7.338455722133785386e-01 -2.664259982655416414e-01 -1.052833472491078659e+01 -9.650833219260289697e-01 6.426776804888714167e-01 -2.815337154754675719e-01 1.116837041646103756e-01 -2.792366569539533189e-02
0.000000000000000000e+00 0.000000000000000000e+00 0.000000000000000000e+00 0.000000000000000000e+00 0.000000000000000000e+00 0.000000000000000000e+00 -7.651613385796314504e-02 1.839744568054218488e-01 2.105822210550234164e-01 -1.564383501829895495e+00 -1.424119092474104065e+00 -3.323594958190733140e-01 7.651613385796314504e-02 -1.839744568054218488e-01 -2.105822210550234164e-01 1.564383501829895495e+00 1.424119092474104065e+00 3.323594958190733140e-01
0.000000000000000000e+00 0.000000000000000000e+00 0.000000000000000000e+00 0.000000000000000000e+00 0.000000000000000000e+00 0.000000000000000000e+00 -3.323594958190733140e-01 -1.424119092474104065e+00 -1.564383501829895495e+00 2.105822210550234164e-01 1.839744568054218488e-01 -7.651613385796314504e-02 1.864016585447642732e-02 1.522522305688818189e-01 8.580488685412043237e-01 8.580488685412043237e-01 1.522522305688818189e-01 1.864016585447642732e-02
0.000000000000000000e+00 0.000000000000000000e+00 0.000000000000000000e+00 0.000000000000000000e+00 0.000000000000000000e+00 0.000000000000000000e+00 -1.864016585447642732e-02 -1.522522305688818189e-01 -8.580488685412043237e-01 -8.580488685412043237e-01 -1.522522305688818189e-01 -1.864016585447642732e-02 3.323594958190733140e-01 1.424119092474104065e+00 1.564383501829895495e+00 -2.105822210550234164e-01 -1.839744568054218488e-01 7.651613385796314504e-02
0.000000000000000000e+00 0.000000000000000000e+00 0.000000000000000000e+00 0.000000000000000000e+00 0.000000000000000000e+00 0.000000000000000000e+00 1.328316468729432986e-01 4.755300002058874820e-01 1.124657678217617640e+00 4.092943836653596956e-01 -4.760835305407048329e-02 -1.249421961746303156e-01 -1.328316468729432986e-01 -4.755300002058874820e-01 -1.124657678217617640e+00 -4.092943836653596956e-01 4.760835305407048329e-02 1.249421961746303156e-01
0.000000000000000000e+00 0.000000000000000000e+00 0.000000000000000000e+00 0.000000000000000000e+00 0.000000000000000000e+00 0.000000000000000000e+00 -1.249421961746303156e-01 -4.760835305407048329e-02 4.092943836653596956e-01 1.124657678217617640e+00 4.755300002058874820e-01 1.328316468729432986e-01 -1.818382169020650863e-01 1.239302830344350959e-01 1.419122260405349500e+00 1.419122260405349500e+00 1.239302830344350959e-01 -1.818382169020650863e-01
0.000000000000000000e+00 0.000000000000000000e+00 0.000000000000000000e+00 0.000000000000000000e+00 0.000000000000000000e+00 0.000000000000000000e+00 1.818382169020650863e-01 -1.239302830344350959e-01 -1.419122260405349500e+00 -1.419122260405349500e+00 -1.239302830344350959e-01 1.818382169020650863e-01 1.249421961746303156e-01 4.760835305407048329e-02 -4.092943836653596956e-01 -1.124657678217617640e+00 -4.755300002058874820e-01 -1.328316468729432986e-01
0.000000000000000000e+00 0.000000000000000000e+00 0.000000000000000000e+00 0.000000000000000000e+00 0.000000000000000000e+00 0.000000000000000000e+00 1.015728300371984139e+00 8.256737855975130103e+00 5.928228542952909130e-01 -4.963084644092370379e-01 2.020597324206588330e-01 -5.021878194257287098e-02 4.584746788517797544e-02 1.430072587197600553e-02 -5.167566035674820979e-01 -1.113503983201963532e+00 -9.553074677049949726e-01 -3.697340592973633600e-01
0.000000000000000000e+00 0.000000000000000000e+00 0.000000000000000000e+00 0.000000000000000000e+00 0.000000000000000000e+00 0.000000000000000000e+00 -4.584746788517797544e-02 -1.430072587197600553e-02 5.167566035674820979e-01 1.113503983201963532e+00 9.553074677049949726e-01 3.697340592973633600e-01 -1.015728300371984139e+00 -8.256737855975130103e+00 -5.928228542952909130e-01 4.963084644092370379e-01 -2.020597324206588330e-01 5.021878194257287098e-02
0.000000000000000000e+00 0.000000000000000000e+00 0.000000000000000000e+00 0.000000000000000000e+00 0.000000000000000000e+00 0.000000000000000000e+00 3.697340592973633600e-01 9.553074677049949726e-01 1.113503983201963532e+00 5.167566035674820979e-01 -1.430072587197600553e-02 -4.584746788517797544e-02 1.803837906562246296e+00 1.934602794978611318e+00 -4.720985071521969223e-01 -6.896399121594626314e-02 9.371576530211903067e-02 -3.138885014261884321e-02
0.000000000000000000e+00 0.000000000000000000e+00 0.000000000000000000e+00 0.000000000000000000e+00 0.000000000000000000e+00 0.000000000000000000e+00 -1.803837906562246296e+00 -1.934602794978611318e+00 4.720985071521969223e-01 6.896399121594626314e-02 -9.371576530211903067e-02 3.138885014261884321e-02 -3.697340592973633600e-01 -9.553074677049949726e-01 -1.113503983201963532e+00 -5.167566035674820979e-01 1.430072587197600553e-02 4.584746788517797544e-02
0.000000000000000000e+00 0.000000000000000000e+00 0.000000000000000000e+00 0.000000000000000000e+00 0.000000000000000000e+00 0.000000000000000000e+00 3.138885014261884321e-02 -9.371576530211903067e-02 6.896399121594626314e-02 4.720985071521969223e-01 -1.934602794978611318e+00 -1.803837906562246296e+00 5.021878194257287098e-02 -2.020597324206588330e-01 4.963084644092370379e-01 -5.928228542952909130e-01 -8.256737855975130103e+00 -1.015728300371984139e+00
0.000000000000000000e+00 0.000000000000000000e+00 0.000000000000000000e+00 0.000000000000000000e+00 0.000000000000000000e+00 0.000000000000000000e+00 -5.021878194257287098e-02 2.020597324206588330e-01 -4.963084644092370379e-01 5.928228542952909130e-01 8.256737855975130103e+00 1.015728300371984139e+00 -3.138885014261884321e-02 9.371576530211903067e-02 -6.896399121594626314e-02 -4.720985071521969223e-01 1.934602794978611318e+00 1.803837906562246296e+00
0.000000000000000000e+00 0.000000000000000000e+00 0.000000000000000000e+00 0.000000000000000000e+00 0.000000000000000000e+00 0.000000000000000000e+00 -3.191517406298045034e-01 1.048875011310841598e+00 7.323311411496051804e+00 6.790830540262600135e-01 -4.497950332325827416e-01 1.097035889352650090e-01 -6.825071756827919001e-02 -8.093990572044211518e-02 -3.694157250861891673e-02 7.331380283583373014e-01 1.074165884703515372e+00 4.410033112224966967e-01
0.000000000000000000e+00 0.000000000000000000e+00 0.000000000000000000e+00 0.000000000000000000e+00 0.000000000000000000e+00 0.000000000000000000e+00 6.825071756827919001e-02 8.093990572044211518e-02 3.694157250861891673e-02 -7.331380283583373014e-01 -1.074165884703515372e+00 -4.410033112224966967e-01 3.191517406298045034e-01 -1.048875011310841598e+00 -7.323311411496051804e+00 -6.790830540262600135e-01 4.497950332325827416e-01 -1.097035889352650090e-01
0.000000000000000000e+00 0.000000000000000000e+00 0.000000000000000000e+00 0.000000000000000000e+00 0.000000000000000000e+00 0.000000000000000000e+00 -4.410033112224966967e-01 -1.074165884703515372e+00 -7.331380283583373014e-01 3.694157250861891673e-02 8.093990572044211518e-02 6.825071756827919001e-02 -6.691392924339061299e-01 -1.352173460235871705e+00 -3.287098055808707064e-01 2.625603586849624693e-01 6.932247331828575443e-02 -6.040629753648545097e-02
0.000000000000000000e+00 0.000000000000000000e+00 0.000000000000000000e+00 0.000000000000000000e+00 0.000000000000000000e+00 0.000000000000000000e+00 6.691392924339061299e-01 1.352173460235871705e+00 3.287098055808707064e-01 -2.625603586849624693e-01 -6.932247331828575443e-02 6.040629753648545097e-02 4.410033112224966967e-01 1.074165884703515372e+00 7.331380283583373014e-01 -3.694157250861891673e-02 -8.093990572044211518e-02 -6.825071756827919001e-02
0.000000000000000000e+00 0.000000000000000000e+00 0.000000000000000000e+00 0.000000000000000000e+00 0.000000000000000000e+00 0.000000000000000000e+00 6.040629753648545097e-02 -6.932247331828575443e-02 -2.625603586849624693e-01 3.287098055808707064e-01 1.352173460235871705e+00 6.691392924339061299e-01 -1.097035889352650090e-01 4.497950332325827416e-01 -6.790830540262600135e-01 -7.323311411496051804e+00 -1.048875011310841598e+00 3.191517406298045034e-01
0.000000000000000000e+00 0.000000000000000000e+00 0.000000000000000000e+00 0.000000000000000000e+00 0.000000000000000000e+00 0.000000000000000000e+00 1.097035889352650090e-01 -4.497950332325827416e-01 6.790830540262600135e-01 7.323311411496051804e+00 1.048875011310841598e+00 -3.191517406298045034e-01 -6.040629753648545097e-02 6.932247331828575443e-02 2.625603586849624693e-01 -3.287098055808707064e-01 -1.352173460235871705e+00 -6.691392924339061299e-01
2.664259982655416414e-01 7.338455722133785386e-01 1.149531163758962693e+00 1.149531163758962693e+00 7.338455722133785386e-01 2.664259982655416414e-01 2.792366569539533189e-02 -1.116837041646103756e-01 2.815337154754675719e-01 -6.426776804888714167e-01 9.650833219260289697e-01 1.052833472491078659e+01 0.000000000000000000e+00 0.000000000000000000e+00 0.000000000000000000e+00 0.000000000000000000e+00 0.000000000000000000e+00 0.000000000000000000e+00
-2.792366569539533189e-02 1.116837041646103756e-01 -2.815337154754675719e-01 6.426776804888714167e-01 -9.650833219260289697e-01 -1.052833472491078659e+01 1.052833472491078659e+01 9.650833219260289697e-01 -6.426776804888714167e-01 2.815337154754675719e-01 -1.116837041646103756e-01 2.792366569539533189e-02 0.000000000000000000e+00 0.000000000000000000e+00 0.000000000000000000e+00 0.000000000000000000e+00 0.000000000000000000e+00 0.000000000000000000e+00
-1.052833472491078659e+01 -9.650833219260289697e-01 6.426776804888714167e-01 -2.815337154754675719e-01 1.116837041646103756e-01 -2.792366569539533189e-02 -2.664259982655416414e-01 -7.338455722133785386e-01 -1.149531163758962693e+00 -1.149531163758962693e+00 -7.338455722133785386e-01 -2.664259982655416414e-01 0.000000000000000000e+00 0.000000000000000000e+00 0.000000000000000000e+00 0.000000000000000000e+00 0.000000000000000000e+00 0.000000000000000000e+00
1.864016585447642732e-02 1.522522305688818189e-01 8.580488685412043237e-01 8.580488685412043237e-01 1.522522305688818189e-01 1.864016585447642732e-02 -7.651613385796314504e-02 1.839744568054218488e-01 2.105822210550234164e-01 -1.564383501829895495e+00 -1.424119092474104065e+00 -3.323594958190733140e-01 0.000000000000000000e+00 0.000000000000000000e+00 0.000000000000000000e+00 0.000000000000000000e+00 0.000000000000000000e+00 0.000000000000000000e+00
7.651613385796314504e-02 -1.839744568054218488e-01 -2.105822210550234164e-01 1.564383501829895495e+00 1.424119092474104065e+00 3.323594958190733140e-01 -3.323594958190733140e-01 -1.424119092474104065e+00 -1.564383501829895495e+00 2.105822210550234164e-01 1.839744568054218488e-01 -7.651613385796314504e-02 0.000000000000000000e+00 0.000000000000000000e+00 0.000000000000000000e+00 0.000000000000000000e+00 0.000000000000000000e+00 0.000000000000000000e+00
3.323594958190733140e-01 1.424119092474104065e+00 1.564383501829895495e+00 -2.105822210550234164e-01 -1.839744568054218488e-01 7.651613385796314504e-02 -1.864016585447642732e-02 -1.522522305688818189e-01 -8.580488685412043237e-01 -8.580488685412043237e-01 -1.522522305688818189e-01 -1.864016585447642732e-02 0.000000000000000000e+00 0.000000000000000000e+00 0.000000000000000000e+00 0.000000000000000000e+00 0.000000000000000000e+00 0.000000000000000000e+00
-1.818382169020650863e-01 1.239302830344350959e-01 1.419122260405349500e+00 1.419122260405349500e+00 1.239302830344350959e-01 -1.818382169020650863e-01 1.328316468729432986e-01 4.755300002058874820e-01 1.124657678217617640e+00 4.092943836653596956e-01 -4.760835305407048329e-02 -1.249421961746303156e-01 0.000000000000000000e+00 0.000000000000000000e+00 0.000000000000000000e+00 0.000000000000000000e+00 0.000000000000000000e+00 0.000000000000000000e+00
-1.328316468729432986e-01 -4.755300002058874820e-01 -1.124657678217617640e+00 -4.092943836653596956e-01 4.760835305407048329e-02 1.249421961746303156e-01 -1.249421961746303156e-01 -4.760835305407048329e-02 4.092943836653596956e-01 1.124657678217617640e+00 4.755300002058874820e-01 1.328316468729432986e-01 0.000000000000000000e+00 0.000000000000000000e+00 0.000000000000000000e+00 0.000000000000000000e+00 0.000000000000000000e+00 0.000000000000000000e+00
1.249421961746303156e-01 4.760835305407048329e-02 -4.092943836653596956e-01 -1.124657678217617640e+00 -4.755300002058874820e-01 -1.328316468729432986e-01 1.818382169020650863e-01 -1.239302830344350959e-01 -1.419122260405349500e+00 -1.419122260405349500e+00 -1.239302830344350959e-01 1.818382169020650863e-01 0.000000000000000000e+00 0.000000000000000000e+00 0.000000000000000000e+00 0.000000000000000000e+00 0.000000000000000000e+00 0.000000000000000000e+00
-3.138885014261884321e-02 9.371576530211903067e-02 -6.896399121594626314e-02 -4.720985071521969223e-01 1.934602794978611318e+00 1.803837906562246296e+00 1.015728300371984139e+00 8.256737855975130103e+00 5.928228542952909130e-01 -4.963084644092370379e-01 2.020597324206588330e-01 -5.021878194257287098e-02 0.000000000000000000e+00 0.000000000000000000e+00 0.000000000000000000e+00 0.000000000000000000e+00 0.000000000000000000e+00 0.000000000000000000e+00
1.803837906562246296e+00 1.934602794978611318e+00 -4.720985071521969223e-01 -6.896399121594626314e-02 9.371576530211903067e-02 -3.138885014261884321e-02 -4.584746788517797544e-02 -1.430072587197600553e-02 5.167566035674820979e-01 1.113503983201963532e+00 9.553074677049949726e-01 3.697340592973633600e-01 0.000000000000000000e+00 0.000000000000000000e+00 0.000000000000000000e+00 0.000000000000000000e+00 0.000000000000000000e+00 0.000000000000000000e+00
-1.015728300371984139e+00 -8.256737855975130103e+00 -5.928228542952909130e-01 4.963084644092370379e-01 -2.020597324206588330e-01 5.021878194257287098e-02 3.697340592973633600e-01 9.553074677049949726e-01 1.113503983201963532e+00 5.167566035674820979e-01 -1.430072587197600553e-02 -4.584746788517797544e-02 0.000000000000000000e+00 0.000000000000000000e+00 0.000000000000000000e+00 0.000000000000000000e+00 0.000000000000000000e+00 0.000000000000000000e+00
5.021878194257287098e-02 -2.020597324206588330e-01 4.963084644092370379e-01 -5.928228542952909130e-01 -8.256737855975130103e+00 -1.015728300371984139e+00 -1.803837906562246296e+00 -1.934602794978611318e+00 4.720985071521969223e-01 6.896399121594626314e-02 -9.371576530211903067e-02 3.138885014261884321e-02 0.000000000000000000e+00 0.000000000000000000e+00 0.000000000000000000e+00 0.000000000000000000e+00 0.000000000000000000e+00 0.000000000000000000e+00
-3.697340592973633600e-01 -9.553074677049949726e-01 -1.113503983201963532e+00 -5.167566035674820979e-01 1.430072587197600553e-02 4.584746788517797544e-02 3.138885014261884321e-02 -9.371576530211903067e-02 6.896399121594626314e-02 4.720985071521969223e-01 -1.934602794978611318e+00 -1.803837906562246296e+00 0.000000000000000000e+00 0.000000000000000000e+00 0.000000000000000000e+00 0.000000000000000000e+00 0.000000000000000000e+00 0.000000000000000000e+00
4.584746788517797544e-02 1.430072587197600553e-02 -5.167566035674820979e-01 -1.113503983201963532e+00 -9.553074677049949726e-01 -3.697340592973633600e-01 -5.021878194257287098e-02 2.020597324206588330e-01 -4.963084644092370379e-01 5.928228542952909130e-01 8.256737855975130103e+00 1.015728300371984139e+00 0.000000000000000000e+00 0.000000000000000000e+00 0.000000000000000000e+00 0.000000000000000000e+00 0.000000000000000000e+00 0.000000000000000000e+00
-6.040629753648545097e-02 6.932247331828575443e-02 2.625603586849624693e-01 -3.287098055808707064e-01 -1.352173460235871705e+00 -6.691392924339061299e-01 -3.191517406298045034e-01 1.048875011310841598e+00 7.323311411496051804e+00 6.790830540262600135e-01 -4.497950332325827416e-01 1.097035889352650090e-01 0.000000000000000000e+00 0.000000000000000000e+00 0.000000000000000000e+00 0.000000000000000000e+00 0.000000000000000000e+00 0.000000000000000000e+00
-6.691392924339061299e-01 -1.352173460235871705e+00 -3.287098055808707064e-01 2.625603586849624693e-01 6.932247331828575443e-02 -6.040629753648545097e-02 6.825071756827919001e-02 8.093990572044211518e-02 3.694157250861891673e-02 -7.331380283583373014e-01 -1.074165884703515372e+00 -4.410033112224966967e-01 0.000000000000000000e+00 0.000000000000000000e+00 0.000000000000000000e+00 0.000000000000000000e+00 0.000000000000000000e+00 0.000000000000000000e+00
3.191517406298045034e-01 -1.048875011310841598e+00 -7.323311411496051804e+00 -6.790830540262600135e-01 4.497950332325827416e-01 -1.097035889352650090e-01 -4.410033112224966967e-01 -1.074165884703515372e+00 -7.331380283583373014e-01 3.694157250861891673e-02 8.093990572044211518e-02 6.825071756827919001e-02 0.000000000000000000e+00 0.000000000000000000e+00 0.000000000000000000e+00 0.000000000000000000e+00 0.000000000000000000e+00 0.000000000000000000e+00
-1.097035889352650090e-01 4.497950332325827416e-01 -6.790830540262600135e-01 -7.323311411496051804e+00 -1.048875011310841598e+00 3.191517406298045034e-01 6.691392924339061299e-01 1.352173460235871705e+00 3.287098055808707064e-01 -2.625603586849624693e-01 -6.932247331828575443e-02 6.040629753648545097e-02 0.000000000000000000e+00 0.000000000000000000e+00 0.000000000000000000e+00 0.000000000000000000e+00 0.000000000000000000e+00 0.000000000000000000e+00
4.410033112224966967e-01 1.074165884703515372e+00 7.331380283583373014e-01 -3.694157250861891673e-02 -8.093990572044211518e-02 -6.825071756827919001e-02 6.040629753648545097e-02 -6.932247331828575443e-02 -2.625603586849624693e-01 3.287098055808707064e-01 1.352173460235871705e+00 6.691392924339061299e-01 0.000000000000000000e+00 0.000000000000000000e+00 0.000000000000000000e+00 0.000000000000000000e+00 0.000000000000000000e+00 0.000000000000000000e+00
-6.825071756827919001e-02 -8.093990572044211518e-02 -3.694157250861891673e-02 7.331380283583373014e-01 1.074165884703515372e+00 4.410033112224966967e-01 1.097035889352650090e-01 -4.497950332325827416e-01 6.790830540262600135e-01 7.323311411496051804e+00 1.048875011310841598e+00 -3.191517406298045034e-01 0.000000000000000000e+00 0.000000000000000000e+00 0.000000000000000000e+00 0.000000000000000000e+00 0.000000000000000000e+00 0.000000000000000000e+00
