0.000000000000000000e+00 1.666240169962263096e-02 -1.666240169962263096e-02 0.000000000000000000e+00 -6.412597883381984665e-02 6.412597883381984665e-02 0.000000000000000000e+00 -2.284464562720818215e-01 2.284464562720818215e-01 -8.096965606543171656e-02 8.096965606543171656e-02 -1.902826490985609631e-02 1.902826490985609631e-02 -2.968235823045342059e-01 2.968235823045342059e-01
5.320310574554860672e-01 -4.943623329974184522e+00 5.153686557558641024e-01 -1.668497037618385193e+00 2.118084753790552721e+00 -1.604371058784565207e+00 1.189090704074044824e+00 2.136333242112813391e+00 1.417537160346126646e+00 -2.877453657493220796e+00 1.526761453986785755e+00 -6.568015224866350366e-01 -3.174277239797752337e+00 1.545789718896641851e+00 -7.377711785520634225e-01
-5.320310574554860672e-01 -5.153686557558641024e-01 4.943623329974184522e+00 1.668497037618385193e+00 1.604371058784565207e+00 -2.118084753790552721e+00 -1.189090704074044824e+00 -1.417537160346126646e+00 -2.136333242112813391e+00 -1.526761453986785755e+00 2.877453657493220796e+00 3.174277239797752337e+00 6.568015224866350366e-01 7.377711785520634225e-01 -1.545789718896641851e+00
0.000000000000000000e+00 -8.323867188915171078e-02 8.323867188915171078e-02 0.000000000000000000e+00 1.767047850928553654e-01 -1.767047850928553654e-01 0.000000000000000000e+00 -2.508033750268637618e+00 2.508033750268637618e+00 -2.525315576529423844e-01 2.525315576529423844e-01 -3.160100937678234079e-02 3.160100937678234079e-02 -2.356239812122482569e+00 2.356239812122482569e+00
-1.031803103571678898e-01 4.609417395922299487e-02 -1.994163846801634554e-02 -1.492300533375873428e+00 -3.632813123758167340e-01 -1.669005318468729016e+00 -1.195282145424787501e-01 1.730263001372269516e+00 2.388505535726158424e+00 2.365427409367462985e+00 7.288527548607495188e-01 8.153976883786345775e-02 9.187597244981027256e-03 7.604537642375319706e-01 -1.709917888150782606e-01
1.031803103571678898e-01 1.994163846801634554e-02 -4.609417395922299487e-02 1.492300533375873428e+00 1.669005318468729016e+00 3.632813123758167340e-01 1.195282145424787501e-01 -2.388505535726158424e+00 -1.730263001372269516e+00 -7.288527548607495188e-01 -2.365427409367462985e+00 -9.187597244981027256e-03 -8.153976883786345775e-02 1.709917888150782606e-01 -7.604537642375319706e-01
0.000000000000000000e+00 -9.213245156088650800e-01 9.213245156088650800e-01 0.000000000000000000e+00 1.478053430463056594e+00 -1.478053430463056594e+00 0.000000000000000000e+00 6.576279579565778022e-01 -6.576279579565778022e-01 -1.844372618022506405e+00 1.844372618022506405e+00 -1.702391089912150157e+00 1.702391089912150157e+00 -2.828454530477451656e-01 2.828454530477451656e-01
-1.063952765527866218e+00 4.922131659554351835e-02 -1.426282499190011377e-01 1.892059090254096132e+00 -2.449733459341618680e-01 4.140056597910404257e-01 1.268686934621088280e-02 3.824491607376836022e+00 -6.449410886103671414e-01 2.548046964372855383e-01 1.863127236068937709e-01 -4.923230933097863526e-02 -2.804075661046023793e-02 1.888703813519045260e+00 -1.893604927353486067e+00
1.063952765527866218e+00 1.426282499190011377e-01 -4.922131659554351835e-02 -1.892059090254096132e+00 -4.140056597910404257e-01 2.449733459341618680e-01 -1.268686934621088280e-02 6.449410886103671414e-01 -3.824491607376836022e+00 -1.863127236068937709e-01 -2.548046964372855383e-01 2.804075661046023793e-02 4.923230933097863526e-02 1.893604927353486067e+00 -1.888703813519045260e+00
-6.700089687429424679e-01 -3.382891868158373616e-01 7.381136587329517607e-02 1.547856590176333924e+00 -2.110251502449063565e+00 6.449271066413230225e-01 1.536175324542059517e-01 -1.335288332277974721e+00 -1.896047521200512342e+00 -4.031390515234340555e+00 -1.712431320875253127e-01 -1.241305557641092516e-01 -2.099493539499273087e-01 -1.687561521519860275e+00 1.097628399289841905e+00
6.700089687429424679e-01 -7.381136587329517607e-02 3.382891868158373616e-01 -1.547856590176333924e+00 -6.449271066413230225e-01 2.110251502449063565e+00 -1.536175324542059517e-01 1.896047521200512342e+00 1.335288332277974721e+00 1.712431320875253127e-01 4.031390515234340555e+00 2.099493539499273087e-01 1.241305557641092516e-01 -1.097628399289841905e+00 1.687561521519860275e+00
-1.068368224642838316e-01 6.255688165573525250e-01 -2.583413129926358742e+00 -6.619114463571191820e-01 -1.477330712695793302e+00 1.546200852363405653e+00 1.915927180613949954e+00 3.742866353879663599e-01 1.355641220983661910e+00 1.639898802233692887e+00 -2.755439543527363089e+00 4.497931998799391540e-01 -8.886523802884598311e-01 1.700384034174278192e-01 1.590914669746717469e-01
1.068368224642838316e-01 2.583413129926358742e+00 -6.255688165573525250e-01 6.619114463571191820e-01 -1.546200852363405653e+00 1.477330712695793302e+00 -1.915927180613949954e+00 -1.355641220983661910e+00 -3.742866353879663599e-01 2.755439543527363089e+00 -1.639898802233692887e+00 8.886523802884598311e-01 -4.497931998799391540e-01 -1.590914669746717469e-01 -1.700384034174278192e-01
2.921702316742196714e+00 3.302545659098826691e-02 4.444015218558935998e-02 5.640506500856563576e-01 1.698433971579693669e-02 -7.052587748054120476e-02 -2.035288870568698061e-02 -1.987965941343650123e-02 -5.279041678421728667e-01 -4.590784765331901163e-02 -2.089760190013820740e-01 4.766271928616660353e-02 1.215166511285314943e-02 3.581597315354404287e+00 2.965388897477289731e+00
-2.921702316742196714e+00 -4.444015218558935998e-02 -3.302545659098826691e-02 -5.640506500856563576e-01 7.052587748054120476e-02 -1.698433971579693669e-02 2.035288870568698061e-02 5.279041678421728667e-01 1.987965941343650123e-02 2.089760190013820740e-01 4.590784765331901163e-02 -1.215166511285314943e-02 -4.766271928616660353e-02 -2.965388897477289731e+00 -3.581597315354404287e+00
-4.943623329974184522e+00 5.320310574554860672e-01 5.153686557558641024e-01 2.118084753790552721e+00 -1.668497037618385193e+00 -1.604371058784565207e+00 2.136333242112813391e+00 1.189090704074044824e+00 1.417537160346126646e+00 -7.377711785520634225e-01 -6.568015224866350366e-01 1.526761453986785755e+00 1.545789718896641851e+00 -3.174277239797752337e+00 -2.877453657493220796e+00
1.666240169962263096e-02 0.000000000000000000e+00 -1.666240169962263096e-02 -6.412597883381984665e-02 0.000000000000000000e+00 6.412597883381984665e-02 -2.284464562720818215e-01 0.000000000000000000e+00 2.284464562720818215e-01 2.968235823045342059e-01 -1.902826490985609631e-02 8.096965606543171656e-02 -2.968235823045342059e-01 1.902826490985609631e-02 -8.096965606543171656e-02
-5.153686557558641024e-01 -5.320310574554860672e-01 4.943623329974184522e+00 1.604371058784565207e+00 1.668497037618385193e+00 -2.118084753790552721e+00 -1.417537160346126646e+00 -1.189090704074044824e+00 -2.136333242112813391e+00 -1.545789718896641851e+00 3.174277239797752337e+00 2.877453657493220796e+00 7.377711785520634225e-01 6.568015224866350366e-01 -1.526761453986785755e+00
4.609417395922299487e-02 -1.031803103571678898e-01 -1.994163846801634554e-02 -3.632813123758167340e-01 -1.492300533375873428e+00 -1.669005318468729016e+00 1.730263001372269516e+00 -1.195282145424787501e-01 2.388505535726158424e+00 -1.709917888150782606e-01 8.153976883786345775e-02 7.288527548607495188e-01 7.604537642375319706e-01 9.187597244981027256e-03 2.365427409367462985e+00
-8.323867188915171078e-02 0.000000000000000000e+00 8.323867188915171078e-02 1.767047850928553654e-01 0.000000000000000000e+00 -1.767047850928553654e-01 -2.508033750268637618e+00 0.000000000000000000e+00 2.508033750268637618e+00 2.356239812122482569e+00 -3.160100937678234079e-02 2.525315576529423844e-01 -2.356239812122482569e+00 3.160100937678234079e-02 -2.525315576529423844e-01
1.994163846801634554e-02 1.031803103571678898e-01 -4.609417395922299487e-02 1.669005318468729016e+00 1.492300533375873428e+00 3.632813123758167340e-01 -2.388505535726158424e+00 1.195282145424787501e-01 -1.730263001372269516e+00 -7.604537642375319706e-01 -9.187597244981027256e-03 -2.365427409367462985e+00 1.709917888150782606e-01 -8.153976883786345775e-02 -7.288527548607495188e-01
4.922131659554351835e-02 -1.063952765527866218e+00 -1.426282499190011377e-01 -2.449733459341618680e-01 1.892059090254096132e+00 4.140056597910404257e-01 3.824491607376836022e+00 1.268686934621088280e-02 -6.449410886103671414e-01 -1.893604927353486067e+00 -4.923230933097863526e-02 1.863127236068937709e-01 1.888703813519045260e+00 -2.804075661046023793e-02 2.548046964372855383e-01
-9.213245156088650800e-01 0.000000000000000000e+00 9.213245156088650800e-01 1.478053430463056594e+00 0.000000000000000000e+00 -1.478053430463056594e+00 6.576279579565778022e-01 0.000000000000000000e+00 -6.576279579565778022e-01 2.828454530477451656e-01 -1.702391089912150157e+00 1.844372618022506405e+00 -2.828454530477451656e-01 1.702391089912150157e+00 -1.844372618022506405e+00
1.426282499190011377e-01 1.063952765527866218e+00 -4.922131659554351835e-02 -4.140056597910404257e-01 -1.892059090254096132e+00 2.449733459341618680e-01 6.449410886103671414e-01 -1.268686934621088280e-02 -3.824491607376836022e+00 -1.888703813519045260e+00 2.804075661046023793e-02 -2.548046964372855383e-01 1.893604927353486067e+00 4.923230933097863526e-02 -1.863127236068937709e-01
-4.444015218558935998e-02 -2.921702316742196714e+00 -3.302545659098826691e-02 7.052587748054120476e-02 -5.640506500856563576e-01 -1.698433971579693669e-02 5.279041678421728667e-01 2.035288870568698061e-02 1.987965941343650123e-02 -3.581597315354404287e+00 -1.215166511285314943e-02 4.590784765331901163e-02 -2.965388897477289731e+00 -4.766271928616660353e-02 2.089760190013820740e-01
6.255688165573525250e-01 -1.068368224642838316e-01 -2.583413129926358742e+00 -1.477330712695793302e+00 -6.619114463571191820e-01 1.546200852363405653e+00 3.742866353879663599e-01 1.915927180613949954e+00 1.355641220983661910e+00 1.590914669746717469e-01 4.497931998799391540e-01 -2.755439543527363089e+00 1.700384034174278192e-01 -8.886523802884598311e-01 1.639898802233692887e+00
-7.381136587329517607e-02 6.700089687429424679e-01 3.382891868158373616e-01 -6.449271066413230225e-01 -1.547856590176333924e+00 2.110251502449063565e+00 1.896047521200512342e+00 -1.536175324542059517e-01 1.335288332277974721e+00 1.687561521519860275e+00 2.099493539499273087e-01 4.031390515234340555e+00 -1.097628399289841905e+00 1.241305557641092516e-01 1.712431320875253127e-01
3.302545659098826691e-02 2.921702316742196714e+00 4.444015218558935998e-02 1.698433971579693669e-02 5.640506500856563576e-01 -7.052587748054120476e-02 -1.987965941343650123e-02 -2.035288870568698061e-02 -5.279041678421728667e-01 2.965388897477289731e+00 4.766271928616660353e-02 -2.089760190013820740e-01 3.581597315354404287e+00 1.215166511285314943e-02 -4.590784765331901163e-02
2.583413129926358742e+00 1.068368224642838316e-01 -6.255688165573525250e-01 -1.546200852363405653e+00 6.619114463571191820e-01 1.477330712695793302e+00 -1.355641220983661910e+00 -1.915927180613949954e+00 -3.742866353879663599e-01 -1.700384034174278192e-01 8.886523802884598311e-01 -1.639898802233692887e+00 -1.590914669746717469e-01 -4.497931998799391540e-01 2.755439543527363089e+00
-3.382891868158373616e-01 -6.700089687429424679e-01 7.381136587329517607e-02 -2.110251502449063565e+00 1.547856590176333924e+00 6.449271066413230225e-01 -1.335288332277974721e+00 1.536175324542059517e-01 -1.896047521200512342e+00 1.097628399289841905e+00 -1.241305557641092516e-01 -1.712431320875253127e-01 -1.687561521519860275e+00 -2.099493539499273087e-01 -4.031390515234340555e+00
