5.081580409017565081e-02 -1.242883443549133715e-02 1.277362792917127621e+00 -1.135060080460348342e-02 2.039085112673075240e-02 -2.715144289883578144e-02 -1.074876920565579347e-01 3.621578131742780315e-01 -3.038871981994678562e-03 -5.994644592905051805e-03 -6.723301193964521527e-01 2.514627884468436658e-01 4.705260855827429756e-02 -1.805392485472568642e-01 1.107879640066758431e-02
8.730963130269275840e-02 2.066118346088686997e-02 1.539912197902718917e-02 3.056969514972450730e-01 1.661907203849408154e-02 -6.974449061221750235e-01 2.170218639355194767e-01 3.130711975709349337e-01 -2.742354100263208472e-02 9.316048215090237672e-03 -2.716967136714198983e-01 1.405330406298150425e+00 -8.515380986958130671e-02 -2.389821452946308544e-01 -6.972436033760195939e-02
1.067893819824539681e-01 -3.258815541097029311e-02 -3.258815541097029311e-02 5.133997618360754966e-01 -5.647500511335565854e-01 -5.647500511335565854e-01 1.446419140262625191e+00 1.033618406535254386e-01 1.033618406535254386e-01 4.349218472271688951e-02 4.349218472271688951e-02 1.096948080323158631e-01 1.096948080323158631e-01 -1.925147689046085020e-01 -1.925147689046085020e-01
8.730963130269275840e-02 1.539912197902718917e-02 2.066118346088686997e-02 3.056969514972450730e-01 -6.974449061221750235e-01 1.661907203849408154e-02 2.170218639355194767e-01 -2.742354100263208472e-02 3.130711975709349337e-01 -2.716967136714198983e-01 9.316048215090237672e-03 -8.515380986958130671e-02 1.405330406298150425e+00 -6.972436033760195939e-02 -2.389821452946308544e-01
5.081580409017565081e-02 1.277362792917127621e+00 -1.242883443549133715e-02 -1.135060080460348342e-02 -2.715144289883578144e-02 2.039085112673075240e-02 -1.074876920565579347e-01 -3.038871981994678562e-03 3.621578131742780315e-01 -6.723301193964521527e-01 -5.994644592905051805e-03 4.705260855827429756e-02 2.514627884468436658e-01 1.107879640066758431e-02 -1.805392485472568642e-01
-1.242883443549133715e-02 1.277362792917127621e+00 5.081580409017565081e-02 2.039085112673075240e-02 -2.715144289883578144e-02 -1.135060080460348342e-02 3.621578131742780315e-01 -3.038871981994678562e-03 -1.074876920565579347e-01 2.514627884468436658e-01 1.107879640066758431e-02 -1.805392485472568642e-01 -6.723301193964521527e-01 -5.994644592905051805e-03 4.705260855827429756e-02
2.066118346088686997e-02 1.539912197902718917e-02 8.730963130269275840e-02 1.661907203849408154e-02 -6.974449061221750235e-01 3.056969514972450730e-01 3.130711975709349337e-01 -2.742354100263208472e-02 2.170218639355194767e-01 1.405330406298150425e+00 -6.972436033760195939e-02 -2.389821452946308544e-01 -2.716967136714198983e-01 9.316048215090237672e-03 -8.515380986958130671e-02
-3.258815541097029311e-02 -3.258815541097029311e-02 1.067893819824539681e-01 -5.647500511335565854e-01 -5.647500511335565854e-01 5.133997618360754966e-01 1.033618406535254386e-01 1.033618406535254386e-01 1.446419140262625191e+00 1.096948080323158631e-01 -1.925147689046085020e-01 -1.925147689046085020e-01 4.349218472271688951e-02 4.349218472271688951e-02 1.096948080323158631e-01
1.539912197902718917e-02 2.066118346088686997e-02 8.730963130269275840e-02 -6.974449061221750235e-01 1.661907203849408154e-02 3.056969514972450730e-01 -2.742354100263208472e-02 3.130711975709349337e-01 2.170218639355194767e-01 -8.515380986958130671e-02 -2.389821452946308544e-01 -6.972436033760195939e-02 9.316048215090237672e-03 -2.716967136714198983e-01 1.405330406298150425e+00
1.277362792917127621e+00 -1.242883443549133715e-02 5.081580409017565081e-02 -2.715144289883578144e-02 2.039085112673075240e-02 -1.135060080460348342e-02 -3.038871981994678562e-03 3.621578131742780315e-01 -1.074876920565579347e-01 4.705260855827429756e-02 -1.805392485472568642e-01 1.107879640066758431e-02 -5.994644592905051805e-03 -6.723301193964521527e-01 2.514627884468436658e-01
-1.242883443549133715e-02 5.081580409017565081e-02 1.277362792917127621e+00 2.039085112673075240e-02 -1.135060080460348342e-02 -2.715144289883578144e-02 3.621578131742780315e-01 -1.074876920565579347e-01 -3.038871981994678562e-03 1.107879640066758431e-02 2.514627884468436658e-01 -6.723301193964521527e-01 -1.805392485472568642e-01 4.705260855827429756e-02 -5.994644592905051805e-03
2.066118346088686997e-02 8.730963130269275840e-02 1.539912197902718917e-02 1.661907203849408154e-02 3.056969514972450730e-01 -6.974449061221750235e-01 3.130711975709349337e-01 2.170218639355194767e-01 -2.742354100263208472e-02 -6.972436033760195939e-02 1.405330406298150425e+00 -2.716967136714198983e-01 -2.389821452946308544e-01 -8.515380986958130671e-02 9.316048215090237672e-03
-3.258815541097029311e-02 1.067893819824539681e-01 -3.258815541097029311e-02 -5.647500511335565854e-01 5.133997618360754966e-01 -5.647500511335565854e-01 1.033618406535254386e-01 1.446419140262625191e+00 1.033618406535254386e-01 -1.925147689046085020e-01 1.096948080323158631e-01 4.349218472271688951e-02 -1.925147689046085020e-01 1.096948080323158631e-01 4.349218472271688951e-02
1.539912197902718917e-02 8.730963130269275840e-02 2.066118346088686997e-02 -6.974449061221750235e-01 3.056969514972450730e-01 1.661907203849408154e-02 -2.742354100263208472e-02 2.170218639355194767e-01 3.130711975709349337e-01 -2.389821452946308544e-01 -8.515380986958130671e-02 9.316048215090237672e-03 -6.972436033760195939e-02 1.405330406298150425e+00 -2.716967136714198983e-01
1.277362792917127621e+00 5.081580409017565081e-02 -1.242883443549133715e-02 -2.715144289883578144e-02 -1.135060080460348342e-02 2.039085112673075240e-02 -3.038871981994678562e-03 -1.074876920565579347e-01 3.621578131742780315e-01 -1.805392485472568642e-01 4.705260855827429756e-02 -5.994644592905051805e-03 1.107879640066758431e-02 2.514627884468436658e-01 -6.723301193964521527e-01
