0.000000000000000000e+00 0.000000000000000000e+00 0.000000000000000000e+00 0.000000000000000000e+00 -4.597253852487426934e-02 -8.799533874010523338e-01 -8.799533874010523338e-01 -4.597253852487426934e-02 4.597253852487426934e-02 8.799533874010523338e-01 8.799533874010523338e-01 4.597253852487426934e-02
0.000000000000000000e+00 0.000000000000000000e+00 0.000000000000000000e+00 0.000000000000000000e+00 5.630923643746986451e-02 -2.421198530592512110e-01 4.559769152683337268e-01 5.353398886950360591e+00 -5.630923643746986451e-02 2.421198530592512110e-01 -4.559769152683337268e-01 -5.353398886950360591e+00
0.000000000000000000e+00 0.000000000000000000e+00 0.000000000000000000e+00 0.000000000000000000e+00 5.353398886950360591e+00 4.559769152683337268e-01 -2.421198530592512110e-01 5.630923643746986451e-02 3.585590940368029722e-01 8.413030105765109123e-01 8.413030105765109123e-01 3.585590940368029722e-01
0.000000000000000000e+00 0.000000000000000000e+00 0.000000000000000000e+00 0.000000000000000000e+00 -3.585590940368029722e-01 -8.413030105765109123e-01 -8.413030105765109123e-01 -3.585590940368029722e-01 -5.353398886950360591e+00 -4.559769152683337268e-01 2.421198530592512110e-01 -5.630923643746986451e-02
0.000000000000000000e+00 0.000000000000000000e+00 0.000000000000000000e+00 0.000000000000000000e+00 3.656663936210562404e-01 4.065939100421375407e+00 3.707740839849646974e-01 -1.373994448117383804e-01 2.349353850087976259e-02 -3.242629174339375919e-01 -8.735823541978487983e-01 -5.003630637507920920e-01
0.000000000000000000e+00 0.000000000000000000e+00 0.000000000000000000e+00 0.000000000000000000e+00 -2.349353850087976259e-02 3.242629174339375919e-01 8.735823541978487983e-01 5.003630637507920920e-01 -3.656663936210562404e-01 -4.065939100421375407e+00 -3.707740839849646974e-01 1.373994448117383804e-01
0.000000000000000000e+00 0.000000000000000000e+00 0.000000000000000000e+00 0.000000000000000000e+00 5.003630637507920920e-01 8.735823541978487983e-01 3.242629174339375919e-01 -2.349353850087976259e-02 1.016549610880705723e+00 9.899260824740316878e-01 -8.108871202779094345e-02 -5.511438251869102412e-02
0.000000000000000000e+00 0.000000000000000000e+00 0.000000000000000000e+00 0.000000000000000000e+00 -1.016549610880705723e+00 -9.899260824740316878e-01 8.108871202779094345e-02 5.511438251869102412e-02 -5.003630637507920920e-01 -8.735823541978487983e-01 -3.242629174339375919e-01 2.349353850087976259e-02
0.000000000000000000e+00 0.000000000000000000e+00 0.000000000000000000e+00 0.000000000000000000e+00 5.511438251869102412e-02 8.108871202779094345e-02 -9.899260824740316878e-01 -1.016549610880705723e+00 1.373994448117383804e-01 -3.707740839849646974e-01 -4.065939100421375407e+00 -3.656663936210562404e-01
0.000000000000000000e+00 0.000000000000000000e+00 0.000000000000000000e+00 0.000000000000000000e+00 -1.373994448117383804e-01 3.707740839849646974e-01 4.065939100421375407e+00 3.656663936210562404e-01 -5.511438251869102412e-02 -8.108871202779094345e-02 9.899260824740316878e-01 1.016549610880705723e+00
4.597253852487426934e-02 8.799533874010523338e-01 8.799533874010523338e-01 4.597253852487426934e-02 -4.597253852487426934e-02 -8.799533874010523338e-01 -8.799533874010523338e-01 -4.597253852487426934e-02 0.000000000000000000e+00 0.000000000000000000e+00 0.000000000000000000e+00 0.000000000000000000e+00
3.585590940368029722e-01 8.413030105765109123e-01 8.413030105765109123e-01 3.585590940368029722e-01 5.630923643746986451e-02 -2.421198530592512110e-01 4.559769152683337268e-01 5.353398886950360591e+00 0.000000000000000000e+00 0.000000000000000000e+00 0.000000000000000000e+00 0.000000000000000000e+00
-5.630923643746986451e-02 2.421198530592512110e-01 -4.559769152683337268e-01 -5.353398886950360591e+00 5.353398886950360591e+00 4.559769152683337268e-01 -2.421198530592512110e-01 5.630923643746986451e-02 0.000000000000000000e+00 0.000000000000000000e+00 0.000000000000000000e+00 0.000000000000000000e+00
-5.353398886950360591e+00 -4.559769152683337268e-01 2.421198530592512110e-01 -5.630923643746986451e-02 -3.585590940368029722e-01 -8.413030105765109123e-01 -8.413030105765109123e-01 -3.585590940368029722e-01 0.000000000000000000e+00 0.000000000000000000e+00 0.000000000000000000e+00 0.000000000000000000e+00
-5.511438251869102412e-02 -8.108871202779094345e-02 9.899260824740316878e-01 1.016549610880705723e+00 3.656663936210562404e-01 4.065939100421375407e+00 3.707740839849646974e-01 -1.373994448117383804e-01 0.000000000000000000e+00 0.000000000000000000e+00 0.000000000000000000e+00 0.000000000000000000e+00
1.016549610880705723e+00 9.899260824740316878e-01 -8.108871202779094345e-02 -5.511438251869102412e-02 -2.349353850087976259e-02 3.242629174339375919e-01 8.735823541978487983e-01 5.003630637507920920e-01 0.000000000000000000e+00 0.000000000000000000e+00 0.000000000000000000e+00 0.000000000000000000e+00
-3.656663936210562404e-01 -4.065939100421375407e+00 -3.707740839849646974e-01 1.373994448117383804e-01 5.003630637507920920e-01 8.735823541978487983e-01 3.242629174339375919e-01 -2.349353850087976259e-02 0.000000000000000000e+00 0.000000000000000000e+00 0.000000000000000000e+00 0.000000000000000000e+00
1.373994448117383804e-01 -3.707740839849646974e-01 -4.065939100421375407e+00 -3.656663936210562404e-01 -1.016549610880705723e+00 -9.899260824740316878e-01 8.108871202779094345e-02 5.511438251869102412e-02 0.000000000000000000e+00 0.000000000000000000e+00 0.000000000000000000e+00 0.000000000000000000e+00
-5.003630637507920920e-01 -8.735823541978487983e-01 -3.242629174339375919e-01 2.349353850087976259e-02 5.511438251869102412e-02 8.108871202779094345e-02 -9.899260824740316878e-01 -1.016549610880705723e+00 0.000000000000000000e+00 0.000000000000000000e+00 0.000000000000000000e+00 0.000000000000000000e+00
2.349353850087976259e-02 -3.242629174339375919e-01 -8.735823541978487983e-01 -5.003630637507920920e-01 -1.373994448117383804e-01 3.707740839849646974e-01 4.065939100421375407e+00 3.656663936210562404e-01 0.000000000000000000e+00 0.000000000000000000e+00 0.000000000000000000e+00 0.000000000000000000e+00
