-2.110810230202773419e-01 7.286141389948103120e-02 5.058621723189136166e-01 1.223562610229276260e+00 5.058621723189136166e-01 7.286141389948103120e-02 -2.110810230202773419e-01 -2.985136455148654777e-01 1.030415997103306947e-01 7.153971447849259979e-01 1.730378837798868696e+00 7.153971447849259979e-01 1.030415997103306947e-01 -2.985136455148654777e-01 -2.110810230202773419e-01 7.286141389948103120e-02 5.058621723189136166e-01 1.223562610229276260e+00 5.058621723189136166e-01 7.286141389948103120e-02 -2.110810230202773419e-01
3.176996274965319111e-01 8.221487061851502354e-01 1.326501838780983489e+00 1.547803420015822606e+00 1.326501838780983489e+00 8.221487061851502354e-01 3.176996274965319111e-01 -2.660313685582208973e-02 1.032223034372387327e-01 -2.459431424605940941e-01 5.260664295966168691e-01 -1.112800255340535838e+00 1.545670171679921712e+00 2.075429249529088693e+01 -1.881125847158574005e-02 7.298919073016719994e-02 -1.739080638202146756e-01 3.719851397223639111e-01 -7.868686066574140936e-01 1.092953859872647815e+00 1.467550096214925759e+01
-1.881125847158574005e-02 7.298919073016719994e-02 -1.739080638202146756e-01 3.719851397223639111e-01 -7.868686066574140936e-01 1.092953859872647815e+00 1.467550096214925759e+01 2.075429249529088693e+01 1.545670171679921712e+00 -1.112800255340535838e+00 5.260664295966168691e-01 -2.459431424605940941e-01 1.032223034372387327e-01 -2.660313685582208973e-02 3.176996274965319111e-01 8.221487061851502354e-01 1.326501838780983489e+00 1.547803420015822606e+00 1.326501838780983489e+00 8.221487061851502354e-01 3.176996274965319111e-01
1.467550096214925759e+01 1.092953859872647815e+00 -7.868686066574140936e-01 3.719851397223639111e-01 -1.739080638202146756e-01 7.298919073016719994e-02 -1.881125847158574005e-02 4.492951219664746421e-01 1.162693850574529897e+00 1.875956890916913533e+00 2.188924588473834199e+00 1.875956890916913533e+00 1.162693850574529897e+00 4.492951219664746421e-01 1.467550096214925759e+01 1.092953859872647815e+00 -7.868686066574140936e-01 3.719851397223639111e-01 -1.739080638202146756e-01 7.298919073016719994e-02 -1.881125847158574005e-02
-2.076067662001315761e-02 -3.641107893219455629e-03 6.009946639466339224e-01 1.134164370519942455e+00 6.009946639466339224e-01 -3.641107893219455629e-03 -2.076067662001315761e-02 6.904342059795617881e-02 -2.147752261964017972e-01 2.200959777774039450e-01 6.787100008695292619e-01 -2.938722994958228973e+00 -2.460448123916638696e+00 -8.913240436406688616e-01 4.882107090112977610e-02 -1.518690188743499481e-01 1.556313583982861792e-01 4.799204440739714972e-01 -2.077990957763804047e+00 -1.739799553179173675e+00 -6.302612754929313166e-01
4.882107090112977610e-02 -1.518690188743499481e-01 1.556313583982861792e-01 4.799204440739714972e-01 -2.077990957763804047e+00 -1.739799553179173675e+00 -6.302612754929313166e-01 -8.913240436406688616e-01 -2.460448123916638696e+00 -2.938722994958228973e+00 6.787100008695292619e-01 2.200959777774039450e-01 -2.147752261964017972e-01 6.904342059795617881e-02 -2.076067662001315761e-02 -3.641107893219455629e-03 6.009946639466339224e-01 1.134164370519942455e+00 6.009946639466339224e-01 -3.641107893219455629e-03 -2.076067662001315761e-02
-6.302612754929313166e-01 -1.739799553179173675e+00 -2.077990957763804047e+00 4.799204440739714972e-01 1.556313583982861792e-01 -1.518690188743499481e-01 4.882107090112977610e-02 -2.936003044006508383e-02 -5.149304164655392133e-03 8.499348046671892920e-01 1.603950634749646165e+00 8.499348046671892920e-01 -5.149304164655392133e-03 -2.936003044006508383e-02 -6.302612754929313166e-01 -1.739799553179173675e+00 -2.077990957763804047e+00 4.799204440739714972e-01 1.556313583982861792e-01 -1.518690188743499481e-01 4.882107090112977610e-02
1.541834139000485826e-01 -6.514763778083370038e-01 1.131883825949606237e+00 9.248285347708787185e+00 1.131883825949606237e+00 -6.514763778083370038e-01 1.541834139000485826e-01 -6.403569879698101097e-01 -1.745678476189912232e+00 -1.125121885554498435e+00 2.598146589432318576e-01 2.430800064431785923e-01 1.048710084554756727e-01 -1.166157536199172035e-01 -4.528007685736450960e-01 -1.234381088285285699e+00 -7.955813149369808102e-01 1.837167071904292626e-01 1.718835209268412267e-01 7.415500122873865119e-02 -8.245979017782305298e-02
-4.528007685736450960e-01 -1.234381088285285699e+00 -7.955813149369808102e-01 1.837167071904292626e-01 1.718835209268412267e-01 7.415500122873865119e-02 -8.245979017782305298e-02 -1.166157536199172035e-01 1.048710084554756727e-01 2.430800064431785923e-01 2.598146589432318576e-01 -1.125121885554498435e+00 -1.745678476189912232e+00 -6.403569879698101097e-01 1.541834139000485826e-01 -6.514763778083370038e-01 1.131883825949606237e+00 9.248285347708787185e+00 1.131883825949606237e+00 -6.514763778083370038e-01 1.541834139000485826e-01
-8.245979017782305298e-02 7.415500122873865119e-02 1.718835209268412267e-01 1.837167071904292626e-01 -7.955813149369808102e-01 -1.234381088285285699e+00 -4.528007685736450960e-01 2.180482750304326700e-01 -9.213267290622491057e-01 1.600725457688680908e+00 1.307905056742614214e+01 1.600725457688680908e+00 -9.213267290622491057e-01 2.180482750304326700e-01 -8.245979017782305298e-02 7.415500122873865119e-02 1.718835209268412267e-01 1.837167071904292626e-01 -7.955813149369808102e-01 -1.234381088285285699e+00 -4.528007685736450960e-01
-1.958286596649357059e-02 6.472201571076530158e-02 -9.812423740915057757e-02 -5.751287929859634496e-03 7.513821800711529830e-01 -2.690492071164023447e+00 -2.118972260313636724e+00 2.573153697580210064e+00 1.588589183707627939e+01 6.042833254824089284e-01 -7.917251732766336092e-01 3.952631550305868990e-01 -1.668483065170162094e-01 4.294451896209318387e-02 8.782795159628364878e-02 1.281425010264378717e-01 -2.671066103283932791e-01 -1.025084473279905595e+00 -1.385426570811356228e+00 -1.029503361601445288e+00 -4.132780427562252612e-01
-2.118972260313636724e+00 -2.690492071164023447e+00 7.513821800711529830e-01 -5.751287929859634496e-03 -9.812423740915057757e-02 6.472201571076530158e-02 -1.958286596649357059e-02 1.242074803029117325e-01 1.812208628679962408e-01 -3.777457909259189228e-01 -1.449688364690524534e+00 -1.959289046113469324e+00 -1.455937616485457387e+00 -5.844634130968613395e-01 1.819494428594206514e+00 1.123302184319265962e+01 4.272928372065689651e-01 -5.598342388600010544e-01 2.794932572753181521e-01 -1.179795689676733650e-01 3.036636057289050089e-02
1.819494428594206514e+00 1.123302184319265962e+01 4.272928372065689651e-01 -5.598342388600010544e-01 2.794932572753181521e-01 -1.179795689676733650e-01 3.036636057289050089e-02 -5.844634130968613395e-01 -1.455937616485457387e+00 -1.959289046113469324e+00 -1.449688364690524534e+00 -3.777457909259189228e-01 1.812208628679962408e-01 1.242074803029117325e-01 -2.118972260313636724e+00 -2.690492071164023447e+00 7.513821800711529830e-01 -5.751287929859634496e-03 -9.812423740915057757e-02 6.472201571076530158e-02 -1.958286596649357059e-02
3.036636057289050089e-02 -1.179795689676733650e-01 2.794932572753181521e-01 -5.598342388600010544e-01 4.272928372065689651e-01 1.123302184319265962e+01 1.819494428594206514e+00 -2.996679308827917776e+00 -3.804930376497441813e+00 1.062614869582086952e+00 -8.133549391519497712e-03 -1.387686273415375537e-01 9.153075240228866760e-02 -2.769435463994973992e-02 -4.132780427562252612e-01 -1.029503361601445288e+00 -1.385426570811356228e+00 -1.025084473279905595e+00 -2.671066103283932791e-01 1.281425010264378717e-01 8.782795159628364878e-02
-4.132780427562252612e-01 -1.029503361601445288e+00 -1.385426570811356228e+00 -1.025084473279905595e+00 -2.671066103283932791e-01 1.281425010264378717e-01 8.782795159628364878e-02 -2.769435463994973992e-02 9.153075240228866760e-02 -1.387686273415375537e-01 -8.133549391519497712e-03 1.062614869582086952e+00 -3.804930376497441813e+00 -2.996679308827917776e+00 3.036636057289050089e-02 -1.179795689676733650e-01 2.794932572753181521e-01 -5.598342388600010544e-01 4.272928372065689651e-01 1.123302184319265962e+01 1.819494428594206514e+00
8.782795159628364878e-02 1.281425010264378717e-01 -2.671066103283932791e-01 -1.025084473279905595e+00 -1.385426570811356228e+00 -1.029503361601445288e+00 -4.132780427562252612e-01 4.294451896209318387e-02 -1.668483065170162094e-01 3.952631550305868990e-01 -7.917251732766336092e-01 6.042833254824089284e-01 1.588589183707627939e+01 2.573153697580210064e+00 -1.958286596649357059e-02 6.472201571076530158e-02 -9.812423740915057757e-02 -5.751287929859634496e-03 7.513821800711529830e-01 -2.690492071164023447e+00 -2.118972260313636724e+00
-4.632020041720281978e-02 1.064757937104879870e-01 7.458423862214312583e-03 -4.362267531089275563e-01 4.021384352266563766e-01 1.697604562750832713e+00 6.718679827216642586e-01 -6.921586675287978441e-01 2.668872380876243344e+00 1.365905034378031502e+01 6.927043209015205649e-01 -8.005276469910131976e-01 3.392079449475606800e-01 -8.553528662713988373e-02 -6.722940668256251195e-02 -6.253758441328338691e-02 -1.911337276327455537e-01 2.345884866529772128e-01 1.083834744948770412e+00 1.071367156523763686e+00 4.239754002006779210e-01
6.718679827216642586e-01 1.697604562750832713e+00 4.021384352266563766e-01 -4.362267531089275563e-01 7.458423862214312583e-03 1.064757937104879870e-01 -4.632020041720281978e-02 -9.507673872077626598e-02 -8.844150003531742188e-02 -2.703039098451545108e-01 3.317582194012196339e-01 1.532773795677734974e+00 1.515141963037004436e+00 5.995917610763594752e-01 -4.894300874666578371e-01 1.887177758639078551e+00 9.658407122655507493e+00 4.898159226666879418e-01 -5.660585277146557015e-01 2.398562381047735503e-01 -6.048258120478548772e-02
-4.894300874666578371e-01 1.887177758639078551e+00 9.658407122655507493e+00 4.898159226666879418e-01 -5.660585277146557015e-01 2.398562381047735503e-01 -6.048258120478548772e-02 5.995917610763594752e-01 1.515141963037004436e+00 1.532773795677734974e+00 3.317582194012196339e-01 -2.703039098451545108e-01 -8.844150003531742188e-02 -9.507673872077626598e-02 6.718679827216642586e-01 1.697604562750832713e+00 4.021384352266563766e-01 -4.362267531089275563e-01 7.458423862214312583e-03 1.064757937104879870e-01 -4.632020041720281978e-02
-6.048258120478548772e-02 2.398562381047735503e-01 -5.660585277146557015e-01 4.898159226666879418e-01 9.658407122655507493e+00 1.887177758639078551e+00 -4.894300874666578371e-01 9.501648132892290821e-01 2.400775396188675082e+00 5.687096290490319950e-01 -6.169177905166259857e-01 1.054780417987032440e-02 1.505795115298119713e-01 -6.550665564184801615e-02 4.239754002006779210e-01 1.071367156523763686e+00 1.083834744948770412e+00 2.345884866529772128e-01 -1.911337276327455537e-01 -6.253758441328338691e-02 -6.722940668256251195e-02
4.239754002006779210e-01 1.071367156523763686e+00 1.083834744948770412e+00 2.345884866529772128e-01 -1.911337276327455537e-01 -6.253758441328338691e-02 -6.722940668256251195e-02 -6.550665564184801615e-02 1.505795115298119713e-01 1.054780417987032440e-02 -6.169177905166259857e-01 5.687096290490319950e-01 2.400775396188675082e+00 9.501648132892290821e-01 -6.048258120478548772e-02 2.398562381047735503e-01 -5.660585277146557015e-01 4.898159226666879418e-01 9.658407122655507493e+00 1.887177758639078551e+00 -4.894300874666578371e-01
-6.722940668256251195e-02 -6.253758441328338691e-02 -1.911337276327455537e-01 2.345884866529772128e-01 1.083834744948770412e+00 1.071367156523763686e+00 4.239754002006779210e-01 -8.553528662713988373e-02 3.392079449475606800e-01 -8.005276469910131976e-01 6.927043209015205649e-01 1.365905034378031502e+01 2.668872380876243344e+00 -6.921586675287978441e-01 -4.632020041720281978e-02 1.064757937104879870e-01 7.458423862214312583e-03 -4.362267531089275563e-01 4.021384352266563766e-01 1.697604562750832713e+00 6.718679827216642586e-01
1.079877717339847998e-01 -1.809622845438360605e-01 -2.504489578459051513e-01 4.318084944853187723e-01 1.342076538055585022e+00 5.498438811798964654e-01 2.963762334537261012e-01 4.032617725917332363e-01 -5.343892033611681303e-01 -2.477016229566606942e+00 -2.524658868304175741e+00 1.518205290498815807e-01 4.511535125341969987e-01 -1.644534799256903435e-01 1.427216685342897751e-01 3.801326714482961000e-02 -1.648816749170353702e-02 -8.119241090755034973e-01 -9.267193263493302968e-01 -1.921547923505848576e-01 -1.097568806304538847e-01
2.963762334537261012e-01 5.498438811798964654e-01 1.342076538055585022e+00 4.318084944853187723e-01 -2.504489578459051513e-01 -1.809622845438360605e-01 1.079877717339847998e-01 2.018389192857100167e-01 5.375887794632930317e-02 -2.331779008544651588e-02 -1.148234086672269338e+00 -1.310579039836481385e+00 -2.717479134171836286e-01 -1.552196691513530180e-01 2.851491339929220215e-01 -3.778702294895588398e-01 -1.751514973035681599e+00 -1.785203405960637202e+00 1.073533256145005887e-01 3.190137080690605975e-01 -1.162861708451813775e-01
2.851491339929220215e-01 -3.778702294895588398e-01 -1.751514973035681599e+00 -1.785203405960637202e+00 1.073533256145005887e-01 3.190137080690605975e-01 -1.162861708451813775e-01 -1.552196691513530180e-01 -2.717479134171836286e-01 -1.310579039836481385e+00 -1.148234086672269338e+00 -2.331779008544651588e-02 5.375887794632930317e-02 2.018389192857100167e-01 2.963762334537261012e-01 5.498438811798964654e-01 1.342076538055585022e+00 4.318084944853187723e-01 -2.504489578459051513e-01 -1.809622845438360605e-01 1.079877717339847998e-01
-1.162861708451813775e-01 3.190137080690605975e-01 1.073533256145005887e-01 -1.785203405960637202e+00 -1.751514973035681599e+00 -3.778702294895588398e-01 2.851491339929220215e-01 4.191392889153141565e-01 7.775966739524695637e-01 1.897982841860939462e+00 6.106694292490448817e-01 -3.541883128678871007e-01 -2.559193170799122230e-01 1.527177713566512662e-01 -1.097568806304538847e-01 -1.921547923505848576e-01 -9.267193263493302968e-01 -8.119241090755034973e-01 -1.648816749170353702e-02 3.801326714482961000e-02 1.427216685342897751e-01
-1.097568806304538847e-01 -1.921547923505848576e-01 -9.267193263493302968e-01 -8.119241090755034973e-01 -1.648816749170353702e-02 3.801326714482961000e-02 1.427216685342897751e-01 1.527177713566512662e-01 -2.559193170799122230e-01 -3.541883128678871007e-01 6.106694292490448817e-01 1.897982841860939462e+00 7.775966739524695637e-01 4.191392889153141565e-01 -1.162861708451813775e-01 3.190137080690605975e-01 1.073533256145005887e-01 -1.785203405960637202e+00 -1.751514973035681599e+00 -3.778702294895588398e-01 2.851491339929220215e-01
1.427216685342897751e-01 3.801326714482961000e-02 -1.648816749170353702e-02 -8.119241090755034973e-01 -9.267193263493302968e-01 -1.921547923505848576e-01 -1.097568806304538847e-01 -1.644534799256903435e-01 4.511535125341969987e-01 1.518205290498815807e-01 -2.524658868304175741e+00 -2.477016229566606942e+00 -5.343892033611681303e-01 4.032617725917332363e-01 1.079877717339847998e-01 -1.809622845438360605e-01 -2.504489578459051513e-01 4.318084944853187723e-01 1.342076538055585022e+00 5.498438811798964654e-01 2.963762334537261012e-01
