0.000000000000000000e+00 0.000000000000000000e+00 0.000000000000000000e+00 0.000000000000000000e+00 0.000000000000000000e+00 0.000000000000000000e+00 0.000000000000000000e+00 -2.110810230202785354e-01 7.286141389948401492e-02 5.058621723189145047e-01 1.223562610229276704e+00 5.058621723189145047e-01 7.286141389948401492e-02 -2.110810230202785354e-01 2.110810230202785354e-01 -7.286141389948401492e-02 -5.058621723189145047e-01 -1.223562610229276704e+00 -5.058621723189145047e-01 -7.286141389948401492e-02 2.110810230202785354e-01
0.000000000000000000e+00 0.000000000000000000e+00 0.000000000000000000e+00 0.000000000000000000e+00 0.000000000000000000e+00 0.000000000000000000e+00 0.000000000000000000e+00 -1.881125847158571229e-02 7.298919073016696402e-02 -1.739080638202147311e-01 3.719851397223633005e-01 -7.868686066574140936e-01 1.092953859872647815e+00 1.467550096214925759e+01 1.881125847158571229e-02 -7.298919073016696402e-02 1.739080638202147311e-01 -3.719851397223633005e-01 7.868686066574140936e-01 -1.092953859872647815e+00 -1.467550096214925759e+01
0.000000000000000000e+00 0.000000000000000000e+00 0.000000000000000000e+00 0.000000000000000000e+00 0.000000000000000000e+00 0.000000000000000000e+00 0.000000000000000000e+00 1.467550096214925759e+01 1.092953859872647815e+00 -7.868686066574140936e-01 3.719851397223633005e-01 -1.739080638202147311e-01 7.298919073016696402e-02 -1.881125847158571229e-02 -3.176996274965315781e-01 -8.221487061851493472e-01 -1.326501838780983267e+00 -1.547803420015821274e+00 -1.326501838780983267e+00 -8.221487061851493472e-01 -3.176996274965315781e-01
0.000000000000000000e+00 0.000000000000000000e+00 0.000000000000000000e+00 0.000000000000000000e+00 0.000000000000000000e+00 0.000000000000000000e+00 0.000000000000000000e+00 3.176996274965315781e-01 8.221487061851493472e-01 1.326501838780983267e+00 1.547803420015821274e+00 1.326501838780983267e+00 8.221487061851493472e-01 3.176996274965315781e-01 -1.467550096214925759e+01 -1.092953859872647815e+00 7.868686066574140936e-01 -3.719851397223633005e-01 1.739080638202147311e-01 -7.298919073016696402e-02 1.881125847158571229e-02
0.000000000000000000e+00 0.000000000000000000e+00 0.000000000000000000e+00 0.000000000000000000e+00 0.000000000000000000e+00 0.000000000000000000e+00 0.000000000000000000e+00 4.882107090112976222e-02 -1.518690188743500036e-01 1.556313583982861237e-01 4.799204440739714972e-01 -2.077990957763804047e+00 -1.739799553179173897e+00 -6.302612754929310945e-01 -4.882107090112976222e-02 1.518690188743500036e-01 -1.556313583982861237e-01 -4.799204440739714972e-01 2.077990957763804047e+00 1.739799553179173897e+00 6.302612754929310945e-01
0.000000000000000000e+00 0.000000000000000000e+00 0.000000000000000000e+00 0.000000000000000000e+00 0.000000000000000000e+00 0.000000000000000000e+00 0.000000000000000000e+00 -6.302612754929310945e-01 -1.739799553179173897e+00 -2.077990957763804047e+00 4.799204440739714972e-01 1.556313583982861237e-01 -1.518690188743500036e-01 4.882107090112976222e-02 2.076067662001335884e-02 3.641107893219698924e-03 -6.009946639466337004e-01 -1.134164370519942011e+00 -6.009946639466337004e-01 3.641107893219698924e-03 2.076067662001335884e-02
0.000000000000000000e+00 0.000000000000000000e+00 0.000000000000000000e+00 0.000000000000000000e+00 0.000000000000000000e+00 0.000000000000000000e+00 0.000000000000000000e+00 -2.076067662001335884e-02 -3.641107893219698924e-03 6.009946639466337004e-01 1.134164370519942011e+00 6.009946639466337004e-01 -3.641107893219698924e-03 -2.076067662001335884e-02 6.302612754929310945e-01 1.739799553179173897e+00 2.077990957763804047e+00 -4.799204440739714972e-01 -1.556313583982861237e-01 1.518690188743500036e-01 -4.882107090112976222e-02
0.000000000000000000e+00 0.000000000000000000e+00 0.000000000000000000e+00 0.000000000000000000e+00 0.000000000000000000e+00 0.000000000000000000e+00 0.000000000000000000e+00 -4.528007685736450960e-01 -1.234381088285285699e+00 -7.955813149369805881e-01 1.837167071904292626e-01 1.718835209268412267e-01 7.415500122873863731e-02 -8.245979017782312237e-02 4.528007685736450960e-01 1.234381088285285699e+00 7.955813149369805881e-01 -1.837167071904292626e-01 -1.718835209268412267e-01 -7.415500122873863731e-02 8.245979017782312237e-02
0.000000000000000000e+00 0.000000000000000000e+00 0.000000000000000000e+00 0.000000000000000000e+00 0.000000000000000000e+00 0.000000000000000000e+00 0.000000000000000000e+00 -8.245979017782312237e-02 7.415500122873863731e-02 1.718835209268412267e-01 1.837167071904292626e-01 -7.955813149369805881e-01 -1.234381088285285699e+00 -4.528007685736450960e-01 -1.541834139000484438e-01 6.514763778083371148e-01 -1.131883825949606237e+00 -9.248285347708787185e+00 -1.131883825949606237e+00 6.514763778083371148e-01 -1.541834139000484438e-01
0.000000000000000000e+00 0.000000000000000000e+00 0.000000000000000000e+00 0.000000000000000000e+00 0.000000000000000000e+00 0.000000000000000000e+00 0.000000000000000000e+00 1.541834139000484438e-01 -6.514763778083371148e-01 1.131883825949606237e+00 9.248285347708787185e+00 1.131883825949606237e+00 -6.514763778083371148e-01 1.541834139000484438e-01 8.245979017782312237e-02 -7.415500122873863731e-02 -1.718835209268412267e-01 -1.837167071904292626e-01 7.955813149369805881e-01 1.234381088285285699e+00 4.528007685736450960e-01
0.000000000000000000e+00 0.000000000000000000e+00 0.000000000000000000e+00 0.000000000000000000e+00 0.000000000000000000e+00 0.000000000000000000e+00 0.000000000000000000e+00 1.819494428594206070e+00 1.123302184319265784e+01 4.272928372065689651e-01 -5.598342388600014985e-01 2.794932572753178190e-01 -1.179795689676733650e-01 3.036636057289047314e-02 -8.782795159628346837e-02 -1.281425010264377884e-01 2.671066103283932791e-01 1.025084473279906261e+00 1.385426570811356228e+00 1.029503361601445510e+00 4.132780427562252612e-01
0.000000000000000000e+00 0.000000000000000000e+00 0.000000000000000000e+00 0.000000000000000000e+00 0.000000000000000000e+00 0.000000000000000000e+00 0.000000000000000000e+00 8.782795159628346837e-02 1.281425010264377884e-01 -2.671066103283932791e-01 -1.025084473279906261e+00 -1.385426570811356228e+00 -1.029503361601445510e+00 -4.132780427562252612e-01 -1.819494428594206070e+00 -1.123302184319265784e+01 -4.272928372065689651e-01 5.598342388600014985e-01 -2.794932572753178190e-01 1.179795689676733650e-01 -3.036636057289047314e-02
0.000000000000000000e+00 0.000000000000000000e+00 0.000000000000000000e+00 0.000000000000000000e+00 0.000000000000000000e+00 0.000000000000000000e+00 0.000000000000000000e+00 -4.132780427562252612e-01 -1.029503361601445510e+00 -1.385426570811356228e+00 -1.025084473279906261e+00 -2.671066103283932791e-01 1.281425010264377884e-01 8.782795159628346837e-02 2.118972260313636724e+00 2.690492071164023891e+00 -7.513821800711528720e-01 5.751287929859608475e-03 9.812423740915021675e-02 -6.472201571076524607e-02 1.958286596649357059e-02
0.000000000000000000e+00 0.000000000000000000e+00 0.000000000000000000e+00 0.000000000000000000e+00 0.000000000000000000e+00 0.000000000000000000e+00 0.000000000000000000e+00 -2.118972260313636724e+00 -2.690492071164023891e+00 7.513821800711528720e-01 -5.751287929859608475e-03 -9.812423740915021675e-02 6.472201571076524607e-02 -1.958286596649357059e-02 4.132780427562252612e-01 1.029503361601445510e+00 1.385426570811356228e+00 1.025084473279906261e+00 2.671066103283932791e-01 -1.281425010264377884e-01 -8.782795159628346837e-02
0.000000000000000000e+00 0.000000000000000000e+00 0.000000000000000000e+00 0.000000000000000000e+00 0.000000000000000000e+00 0.000000000000000000e+00 0.000000000000000000e+00 -1.958286596649357059e-02 6.472201571076524607e-02 -9.812423740915021675e-02 -5.751287929859608475e-03 7.513821800711528720e-01 -2.690492071164023891e+00 -2.118972260313636724e+00 -3.036636057289047314e-02 1.179795689676733650e-01 -2.794932572753178190e-01 5.598342388600014985e-01 -4.272928372065689651e-01 -1.123302184319265784e+01 -1.819494428594206070e+00
0.000000000000000000e+00 0.000000000000000000e+00 0.000000000000000000e+00 0.000000000000000000e+00 0.000000000000000000e+00 0.000000000000000000e+00 0.000000000000000000e+00 3.036636057289047314e-02 -1.179795689676733650e-01 2.794932572753178190e-01 -5.598342388600014985e-01 4.272928372065689651e-01 1.123302184319265784e+01 1.819494428594206070e+00 1.958286596649357059e-02 -6.472201571076524607e-02 9.812423740915021675e-02 5.751287929859608475e-03 -7.513821800711528720e-01 2.690492071164023891e+00 2.118972260313636724e+00
0.000000000000000000e+00 0.000000000000000000e+00 0.000000000000000000e+00 0.000000000000000000e+00 0.000000000000000000e+00 0.000000000000000000e+00 0.000000000000000000e+00 -4.894300874666578371e-01 1.887177758639078107e+00 9.658407122655503940e+00 4.898159226666876087e-01 -5.660585277146557015e-01 2.398562381047732173e-01 -6.048258120478555711e-02 6.722940668256249808e-02 6.253758441328338691e-02 1.911337276327459145e-01 -2.345884866529770740e-01 -1.083834744948770190e+00 -1.071367156523763242e+00 -4.239754002006779210e-01
0.000000000000000000e+00 0.000000000000000000e+00 0.000000000000000000e+00 0.000000000000000000e+00 0.000000000000000000e+00 0.000000000000000000e+00 0.000000000000000000e+00 -6.722940668256249808e-02 -6.253758441328338691e-02 -1.911337276327459145e-01 2.345884866529770740e-01 1.083834744948770190e+00 1.071367156523763242e+00 4.239754002006779210e-01 4.894300874666578371e-01 -1.887177758639078107e+00 -9.658407122655503940e+00 -4.898159226666876087e-01 5.660585277146557015e-01 -2.398562381047732173e-01 6.048258120478555711e-02
0.000000000000000000e+00 0.000000000000000000e+00 0.000000000000000000e+00 0.000000000000000000e+00 0.000000000000000000e+00 0.000000000000000000e+00 0.000000000000000000e+00 4.239754002006779210e-01 1.071367156523763242e+00 1.083834744948770190e+00 2.345884866529770740e-01 -1.911337276327459145e-01 -6.253758441328338691e-02 -6.722940668256249808e-02 -6.718679827216640366e-01 -1.697604562750832713e+00 -4.021384352266564877e-01 4.362267531089281114e-01 -7.458423862214245796e-03 -1.064757937104879870e-01 4.632020041720281284e-02
0.000000000000000000e+00 0.000000000000000000e+00 0.000000000000000000e+00 0.000000000000000000e+00 0.000000000000000000e+00 0.000000000000000000e+00 0.000000000000000000e+00 6.718679827216640366e-01 1.697604562750832713e+00 4.021384352266564877e-01 -4.362267531089281114e-01 7.458423862214245796e-03 1.064757937104879870e-01 -4.632020041720281284e-02 -4.239754002006779210e-01 -1.071367156523763242e+00 -1.083834744948770190e+00 -2.345884866529770740e-01 1.911337276327459145e-01 6.253758441328338691e-02 6.722940668256249808e-02
0.000000000000000000e+00 0.000000000000000000e+00 0.000000000000000000e+00 0.000000000000000000e+00 0.000000000000000000e+00 0.000000000000000000e+00 0.000000000000000000e+00 -4.632020041720281284e-02 1.064757937104879870e-01 7.458423862214245796e-03 -4.362267531089281114e-01 4.021384352266564877e-01 1.697604562750832713e+00 6.718679827216640366e-01 6.048258120478555711e-02 -2.398562381047732173e-01 5.660585277146557015e-01 -4.898159226666876087e-01 -9.658407122655503940e+00 -1.887177758639078107e+00 4.894300874666578371e-01
0.000000000000000000e+00 0.000000000000000000e+00 0.000000000000000000e+00 0.000000000000000000e+00 0.000000000000000000e+00 0.000000000000000000e+00 0.000000000000000000e+00 -6.048258120478555711e-02 2.398562381047732173e-01 -5.660585277146557015e-01 4.898159226666876087e-01 9.658407122655503940e+00 1.887177758639078107e+00 -4.894300874666578371e-01 4.632020041720281284e-02 -1.064757937104879870e-01 -7.458423862214245796e-03 4.362267531089281114e-01 -4.021384352266564877e-01 -1.697604562750832713e+00 -6.718679827216640366e-01
0.000000000000000000e+00 0.000000000000000000e+00 0.000000000000000000e+00 0.000000000000000000e+00 0.000000000000000000e+00 0.000000000000000000e+00 0.000000000000000000e+00 2.851491339929220215e-01 -3.778702294895589509e-01 -1.751514973035681599e+00 -1.785203405960637202e+00 1.073533256145005887e-01 3.190137080690607085e-01 -1.162861708451813775e-01 -1.427216685342897751e-01 -3.801326714482948510e-02 1.648816749170364804e-02 8.119241090755034973e-01 9.267193263493302968e-01 1.921547923505851907e-01 1.097568806304539263e-01
0.000000000000000000e+00 0.000000000000000000e+00 0.000000000000000000e+00 0.000000000000000000e+00 0.000000000000000000e+00 0.000000000000000000e+00 0.000000000000000000e+00 1.427216685342897751e-01 3.801326714482948510e-02 -1.648816749170364804e-02 -8.119241090755034973e-01 -9.267193263493302968e-01 -1.921547923505851907e-01 -1.097568806304539263e-01 -2.851491339929220215e-01 3.778702294895589509e-01 1.751514973035681599e+00 1.785203405960637202e+00 -1.073533256145005887e-01 -3.190137080690607085e-01 1.162861708451813775e-01
0.000000000000000000e+00 0.000000000000000000e+00 0.000000000000000000e+00 0.000000000000000000e+00 0.000000000000000000e+00 0.000000000000000000e+00 0.000000000000000000e+00 -1.097568806304539263e-01 -1.921547923505851907e-01 -9.267193263493302968e-01 -8.119241090755034973e-01 -1.648816749170364804e-02 3.801326714482948510e-02 1.427216685342897751e-01 -2.963762334537261012e-01 -5.498438811798961323e-01 -1.342076538055585022e+00 -4.318084944853184393e-01 2.504489578459053734e-01 1.809622845438361161e-01 -1.079877717339847998e-01
0.000000000000000000e+00 0.000000000000000000e+00 0.000000000000000000e+00 0.000000000000000000e+00 0.000000000000000000e+00 0.000000000000000000e+00 0.000000000000000000e+00 2.963762334537261012e-01 5.498438811798961323e-01 1.342076538055585022e+00 4.318084944853184393e-01 -2.504489578459053734e-01 -1.809622845438361161e-01 1.079877717339847998e-01 1.097568806304539263e-01 1.921547923505851907e-01 9.267193263493302968e-01 8.119241090755034973e-01 1.648816749170364804e-02 -3.801326714482948510e-02 -1.427216685342897751e-01
0.000000000000000000e+00 0.000000000000000000e+00 0.000000000000000000e+00 0.000000000000000000e+00 0.000000000000000000e+00 0.000000000000000000e+00 0.000000000000000000e+00 1.079877717339847998e-01 -1.809622845438361161e-01 -2.504489578459053734e-01 4.318084944853184393e-01 1.342076538055585022e+00 5.498438811798961323e-01 2.963762334537261012e-01 1.162861708451813775e-01 -3.190137080690607085e-01 -1.073533256145005887e-01 1.785203405960637202e+00 1.751514973035681599e+00 3.778702294895589509e-01 -2.851491339929220215e-01
0.000000000000000000e+00 0.000000000000000000e+00 0.000000000000000000e+00 0.000000000000000000e+00 0.000000000000000000e+00 0.000000000000000000e+00 0.000000000000000000e+00 -1.162861708451813775e-01 3.190137080690607085e-01 1.073533256145005887e-01 -1.785203405960637202e+00 -1.751514973035681599e+00 -3.778702294895589509e-01 2.851491339929220215e-01 -1.079877717339847998e-01 1.809622845438361161e-01 2.504489578459053734e-01 -4.318084944853184393e-01 -1.342076538055585022e+00 -5.498438811798961323e-01 -2.963762334537261012e-01
2.110810230202785354e-01 -7.286141389948401492e-02 -5.058621723189145047e-01 -1.223562610229276704e+00 -5.058621723189145047e-01 -7.286141389948401492e-02 2.110810230202785354e-01 -2.110810230202785354e-01 7.286141389948401492e-02 5.058621723189145047e-01 1.223562610229276704e+00 5.058621723189145047e-01 7.286141389948401492e-02 -2.110810230202785354e-01 0.000000000000000000e+00 0.000000000000000000e+00 0.000000000000000000e+00 0.000000000000000000e+00 0.000000000000000000e+00 0.000000000000000000e+00 0.000000000000000000e+00
-3.176996274965315781e-01 -8.221487061851493472e-01 -1.326501838780983267e+00 -1.547803420015821274e+00 -1.326501838780983267e+00 -8.221487061851493472e-01 -3.176996274965315781e-01 -1.881125847158571229e-02 7.298919073016696402e-02 -1.739080638202147311e-01 3.719851397223633005e-01 -7.868686066574140936e-01 1.092953859872647815e+00 1.467550096214925759e+01 0.000000000000000000e+00 0.000000000000000000e+00 0.000000000000000000e+00 0.000000000000000000e+00 0.000000000000000000e+00 0.000000000000000000e+00 0.000000000000000000e+00
1.881125847158571229e-02 -7.298919073016696402e-02 1.739080638202147311e-01 -3.719851397223633005e-01 7.868686066574140936e-01 -1.092953859872647815e+00 -1.467550096214925759e+01 1.467550096214925759e+01 1.092953859872647815e+00 -7.868686066574140936e-01 3.719851397223633005e-01 -1.739080638202147311e-01 7.298919073016696402e-02 -1.881125847158571229e-02 0.000000000000000000e+00 0.000000000000000000e+00 0.000000000000000000e+00 0.000000000000000000e+00 0.000000000000000000e+00 0.000000000000000000e+00 0.000000000000000000e+00
-1.467550096214925759e+01 -1.092953859872647815e+00 7.868686066574140936e-01 -3.719851397223633005e-01 1.739080638202147311e-01 -7.298919073016696402e-02 1.881125847158571229e-02 3.176996274965315781e-01 8.221487061851493472e-01 1.326501838780983267e+00 1.547803420015821274e+00 1.326501838780983267e+00 8.221487061851493472e-01 3.176996274965315781e-01 0.000000000000000000e+00 0.000000000000000000e+00 0.000000000000000000e+00 0.000000000000000000e+00 0.000000000000000000e+00 0.000000000000000000e+00 0.000000000000000000e+00
2.076067662001335884e-02 3.641107893219698924e-03 -6.009946639466337004e-01 -1.134164370519942011e+00 -6.009946639466337004e-01 3.641107893219698924e-03 2.076067662001335884e-02 4.882107090112976222e-02 -1.518690188743500036e-01 1.556313583982861237e-01 4.799204440739714972e-01 -2.077990957763804047e+00 -1.739799553179173897e+00 -6.302612754929310945e-01 0.000000000000000000e+00 0.000000000000000000e+00 0.000000000000000000e+00 0.000000000000000000e+00 0.000000000000000000e+00 0.000000000000000000e+00 0.000000000000000000e+00
-4.882107090112976222e-02 1.518690188743500036e-01 -1.556313583982861237e-01 -4.799204440739714972e-01 2.077990957763804047e+00 1.739799553179173897e+00 6.302612754929310945e-01 -6.302612754929310945e-01 -1.739799553179173897e+00 -2.077990957763804047e+00 4.799204440739714972e-01 1.556313583982861237e-01 -1.518690188743500036e-01 4.882107090112976222e-02 0.000000000000000000e+00 0.000000000000000000e+00 0.000000000000000000e+00 0.000000000000000000e+00 0.000000000000000000e+00 0.000000000000000000e+00 0.000000000000000000e+00
6.302612754929310945e-01 1.739799553179173897e+00 2.077990957763804047e+00 -4.799204440739714972e-01 -1.556313583982861237e-01 1.518690188743500036e-01 -4.882107090112976222e-02 -2.076067662001335884e-02 -3.641107893219698924e-03 6.009946639466337004e-01 1.134164370519942011e+00 6.009946639466337004e-01 -3.641107893219698924e-03 -2.076067662001335884e-02 0.000000000000000000e+00 0.000000000000000000e+00 0.000000000000000000e+00 0.000000000000000000e+00 0.000000000000000000e+00 0.000000000000000000e+00 0.000000000000000000e+00
-1.541834139000484438e-01 6.514763778083371148e-01 -1.131883825949606237e+00 -9.248285347708787185e+00 -1.131883825949606237e+00 6.514763778083371148e-01 -1.541834139000484438e-01 -4.528007685736450960e-01 -1.234381088285285699e+00 -7.955813149369805881e-01 1.837167071904292626e-01 1.718835209268412267e-01 7.415500122873863731e-02 -8.245979017782312237e-02 0.000000000000000000e+00 0.000000000000000000e+00 0.000000000000000000e+00 0.000000000000000000e+00 0.000000000000000000e+00 0.000000000000000000e+00 0.000000000000000000e+00
4.528007685736450960e-01 1.234381088285285699e+00 7.955813149369805881e-01 -1.837167071904292626e-01 -1.718835209268412267e-01 -7.415500122873863731e-02 8.245979017782312237e-02 -8.245979017782312237e-02 7.415500122873863731e-02 1.718835209268412267e-01 1.837167071904292626e-01 -7.955813149369805881e-01 -1.234381088285285699e+00 -4.528007685736450960e-01 0.000000000000000000e+00 0.000000000000000000e+00 0.000000000000000000e+00 0.000000000000000000e+00 0.000000000000000000e+00 0.000000000000000000e+00 0.000000000000000000e+00
8.245979017782312237e-02 -7.415500122873863731e-02 -1.718835209268412267e-01 -1.837167071904292626e-01 7.955813149369805881e-01 1.234381088285285699e+00 4.528007685736450960e-01 1.541834139000484438e-01 -6.514763778083371148e-01 1.131883825949606237e+00 9.248285347708787185e+00 1.131883825949606237e+00 -6.514763778083371148e-01 1.541834139000484438e-01 0.000000000000000000e+00 0.000000000000000000e+00 0.000000000000000000e+00 0.000000000000000000e+00 0.000000000000000000e+00 0.000000000000000000e+00 0.000000000000000000e+00
1.958286596649357059e-02 -6.472201571076524607e-02 9.812423740915021675e-02 5.751287929859608475e-03 -7.513821800711528720e-01 2.690492071164023891e+00 2.118972260313636724e+00 1.819494428594206070e+00 1.123302184319265784e+01 4.272928372065689651e-01 -5.598342388600014985e-01 2.794932572753178190e-01 -1.179795689676733650e-01 3.036636057289047314e-02 0.000000000000000000e+00 0.000000000000000000e+00 0.000000000000000000e+00 0.000000000000000000e+00 0.000000000000000000e+00 0.000000000000000000e+00 0.000000000000000000e+00
2.118972260313636724e+00 2.690492071164023891e+00 -7.513821800711528720e-01 5.751287929859608475e-03 9.812423740915021675e-02 -6.472201571076524607e-02 1.958286596649357059e-02 8.782795159628346837e-02 1.281425010264377884e-01 -2.671066103283932791e-01 -1.025084473279906261e+00 -1.385426570811356228e+00 -1.029503361601445510e+00 -4.132780427562252612e-01 0.000000000000000000e+00 0.000000000000000000e+00 0.000000000000000000e+00 0.000000000000000000e+00 0.000000000000000000e+00 0.000000000000000000e+00 0.000000000000000000e+00
-1.819494428594206070e+00 -1.123302184319265784e+01 -4.272928372065689651e-01 5.598342388600014985e-01 -2.794932572753178190e-01 1.179795689676733650e-01 -3.036636057289047314e-02 -4.132780427562252612e-01 -1.029503361601445510e+00 -1.385426570811356228e+00 -1.025084473279906261e+00 -2.671066103283932791e-01 1.281425010264377884e-01 8.782795159628346837e-02 0.000000000000000000e+00 0.000000000000000000e+00 0.000000000000000000e+00 0.000000000000000000e+00 0.000000000000000000e+00 0.000000000000000000e+00 0.000000000000000000e+00
-3.036636057289047314e-02 1.179795689676733650e-01 -2.794932572753178190e-01 5.598342388600014985e-01 -4.272928372065689651e-01 -1.123302184319265784e+01 -1.819494428594206070e+00 -2.118972260313636724e+00 -2.690492071164023891e+00 7.513821800711528720e-01 -5.751287929859608475e-03 -9.812423740915021675e-02 6.472201571076524607e-02 -1.958286596649357059e-02 0.000000000000000000e+00 0.000000000000000000e+00 0.000000000000000000e+00 0.000000000000000000e+00 0.000000000000000000e+00 0.000000000000000000e+00 0.000000000000000000e+00
4.132780427562252612e-01 1.029503361601445510e+00 1.385426570811356228e+00 1.025084473279906261e+00 2.671066103283932791e-01 -1.281425010264377884e-01 -8.782795159628346837e-02 -1.958286596649357059e-02 6.472201571076524607e-02 -9.812423740915021675e-02 -5.751287929859608475e-03 7.513821800711528720e-01 -2.690492071164023891e+00 -2.118972260313636724e+00 0.000000000000000000e+00 0.000000000000000000e+00 0.000000000000000000e+00 0.000000000000000000e+00 0.000000000000000000e+00 0.000000000000000000e+00 0.000000000000000000e+00
-8.782795159628346837e-02 -1.281425010264377884e-01 2.671066103283932791e-01 1.025084473279906261e+00 1.385426570811356228e+00 1.029503361601445510e+00 4.132780427562252612e-01 3.036636057289047314e-02 -1.179795689676733650e-01 2.794932572753178190e-01 -5.598342388600014985e-01 4.272928372065689651e-01 1.123302184319265784e+01 1.819494428594206070e+00 0.000000000000000000e+00 0.000000000000000000e+00 0.000000000000000000e+00 0.000000000000000000e+00 0.000000000000000000e+00 0.000000000000000000e+00 0.000000000000000000e+00
4.632020041720281284e-02 -1.064757937104879870e-01 -7.458423862214245796e-03 4.362267531089281114e-01 -4.021384352266564877e-01 -1.697604562750832713e+00 -6.718679827216640366e-01 -4.894300874666578371e-01 1.887177758639078107e+00 9.658407122655503940e+00 4.898159226666876087e-01 -5.660585277146557015e-01 2.398562381047732173e-01 -6.048258120478555711e-02 0.000000000000000000e+00 0.000000000000000000e+00 0.000000000000000000e+00 0.000000000000000000e+00 0.000000000000000000e+00 0.000000000000000000e+00 0.000000000000000000e+00
-6.718679827216640366e-01 -1.697604562750832713e+00 -4.021384352266564877e-01 4.362267531089281114e-01 -7.458423862214245796e-03 -1.064757937104879870e-01 4.632020041720281284e-02 -6.722940668256249808e-02 -6.253758441328338691e-02 -1.911337276327459145e-01 2.345884866529770740e-01 1.083834744948770190e+00 1.071367156523763242e+00 4.239754002006779210e-01 0.000000000000000000e+00 0.000000000000000000e+00 0.000000000000000000e+00 0.000000000000000000e+00 0.000000000000000000e+00 0.000000000000000000e+00 0.000000000000000000e+00
4.894300874666578371e-01 -1.887177758639078107e+00 -9.658407122655503940e+00 -4.898159226666876087e-01 5.660585277146557015e-01 -2.398562381047732173e-01 6.048258120478555711e-02 4.239754002006779210e-01 1.071367156523763242e+00 1.083834744948770190e+00 2.345884866529770740e-01 -1.911337276327459145e-01 -6.253758441328338691e-02 -6.722940668256249808e-02 0.000000000000000000e+00 0.000000000000000000e+00 0.000000000000000000e+00 0.000000000000000000e+00 0.000000000000000000e+00 0.000000000000000000e+00 0.000000000000000000e+00
6.048258120478555711e-02 -2.398562381047732173e-01 5.660585277146557015e-01 -4.898159226666876087e-01 -9.658407122655503940e+00 -1.887177758639078107e+00 4.894300874666578371e-01 6.718679827216640366e-01 1.697604562750832713e+00 4.021384352266564877e-01 -4.362267531089281114e-01 7.458423862214245796e-03 1.064757937104879870e-01 -4.632020041720281284e-02 0.000000000000000000e+00 0.000000000000000000e+00 0.000000000000000000e+00 0.000000000000000000e+00 0.000000000000000000e+00 0.000000000000000000e+00 0.000000000000000000e+00
-4.239754002006779210e-01 -1.071367156523763242e+00 -1.083834744948770190e+00 -2.345884866529770740e-01 1.911337276327459145e-01 6.253758441328338691e-02 6.722940668256249808e-02 -4.632020041720281284e-02 1.064757937104879870e-01 7.458423862214245796e-03 -4.362267531089281114e-01 4.021384352266564877e-01 1.697604562750832713e+00 6.718679827216640366e-01 0.000000000000000000e+00 0.000000000000000000e+00 0.000000000000000000e+00 0.000000000000000000e+00 0.000000000000000000e+00 0.000000000000000000e+00 0.000000000000000000e+00
6.722940668256249808e-02 6.253758441328338691e-02 1.911337276327459145e-01 -2.345884866529770740e-01 -1.083834744948770190e+00 -1.071367156523763242e+00 -4.239754002006779210e-01 -6.048258120478555711e-02 2.398562381047732173e-01 -5.660585277146557015e-01 4.898159226666876087e-01 9.658407122655503940e+00 1.887177758639078107e+00 -4.894300874666578371e-01 0.000000000000000000e+00 0.000000000000000000e+00 0.000000000000000000e+00 0.000000000000000000e+00 0.000000000000000000e+00 0.000000000000000000e+00 0.000000000000000000e+00
-1.079877717339847998e-01 1.809622845438361161e-01 2.504489578459053734e-01 -4.318084944853184393e-01 -1.342076538055585022e+00 -5.498438811798961323e-01 -2.963762334537261012e-01 2.851491339929220215e-01 -3.778702294895589509e-01 -1.751514973035681599e+00 -1.785203405960637202e+00 1.073533256145005887e-01 3.190137080690607085e-01 -1.162861708451813775e-01 0.000000000000000000e+00 0.000000000000000000e+00 0.000000000000000000e+00 0.000000000000000000e+00 0.000000000000000000e+00 0.000000000000000000e+00 0.000000000000000000e+00
-2.963762334537261012e-01 -5.498438811798961323e-01 -1.342076538055585022e+00 -4.318084944853184393e-01 2.504489578459053734e-01 1.809622845438361161e-01 -1.079877717339847998e-01 1.427216685342897751e-01 3.801326714482948510e-02 -1.648816749170364804e-02 -8.119241090755034973e-01 -9.267193263493302968e-01 -1.921547923505851907e-01 -1.097568806304539263e-01 0.000000000000000000e+00 0.000000000000000000e+00 0.000000000000000000e+00 0.000000000000000000e+00 0.000000000000000000e+00 0.000000000000000000e+00 0.000000000000000000e+00
-2.851491339929220215e-01 3.778702294895589509e-01 1.751514973035681599e+00 1.785203405960637202e+00 -1.073533256145005887e-01 -3.190137080690607085e-01 1.162861708451813775e-01 -1.097568806304539263e-01 -1.921547923505851907e-01 -9.267193263493302968e-01 -8.119241090755034973e-01 -1.648816749170364804e-02 3.801326714482948510e-02 1.427216685342897751e-01 0.000000000000000000e+00 0.000000000000000000e+00 0.000000000000000000e+00 0.000000000000000000e+00 0.000000000000000000e+00 0.000000000000000000e+00 0.000000000000000000e+00
1.162861708451813775e-01 -3.190137080690607085e-01 -1.073533256145005887e-01 1.785203405960637202e+00 1.751514973035681599e+00 3.778702294895589509e-01 -2.851491339929220215e-01 2.963762334537261012e-01 5.498438811798961323e-01 1.342076538055585022e+00 4.318084944853184393e-01 -2.504489578459053734e-01 -1.809622845438361161e-01 1.079877717339847998e-01 0.000000000000000000e+00 0.000000000000000000e+00 0.000000000000000000e+00 0.000000000000000000e+00 0.000000000000000000e+00 0.000000000000000000e+00 0.000000000000000000e+00
1.097568806304539263e-01 1.921547923505851907e-01 9.267193263493302968e-01 8.119241090755034973e-01 1.648816749170364804e-02 -3.801326714482948510e-02 -1.427216685342897751e-01 1.079877717339847998e-01 -1.809622845438361161e-01 -2.504489578459053734e-01 4.318084944853184393e-01 1.342076538055585022e+00 5.498438811798961323e-01 2.963762334537261012e-01 0.000000000000000000e+00 0.000000000000000000e+00 0.000000000000000000e+00 0.000000000000000000e+00 0.000000000000000000e+00 0.000000000000000000e+00 0.000000000000000000e+00
-1.427216685342897751e-01 -3.801326714482948510e-02 1.648816749170364804e-02 8.119241090755034973e-01 9.267193263493302968e-01 1.921547923505851907e-01 1.097568806304539263e-01 -1.162861708451813775e-01 3.190137080690607085e-01 1.073533256145005887e-01 -1.785203405960637202e+00 -1.751514973035681599e+00 -3.778702294895589509e-01 2.851491339929220215e-01 0.000000000000000000e+00 0.000000000000000000e+00 0.000000000000000000e+00 0.000000000000000000e+00 0.000000000000000000e+00 0.000000000000000000e+00 0.000000000000000000e+00
