0.000000000000000000e+00 6.018808462247199342e-02 -6.018808462247199342e-02 0.000000000000000000e+00 -5.696044256955645757e-02 5.696044256955645757e-02
7.215484455871215008e-01 -2.040154638364248818e+00 6.613603609646492298e-01 -1.335282314209766064e+00 1.278321871640128782e+00 -1.278321871640128782e+00
-7.215484455871215008e-01 -6.613603609646492298e-01 2.040154638364248818e+00 1.335282314209766064e+00 1.278321871640128782e+00 -1.278321871640128782e+00
0.000000000000000000e+00 1.427297665304625873e+00 -1.427297665304625873e+00 0.000000000000000000e+00 -1.350757499664480221e+00 1.350757499664480221e+00
1.490896285102878638e+00 -6.359861979823006051e-02 6.359861979823006051e-02 6.902096945487234958e-02 1.540154638364238160e+00 1.419778469119352460e+00
-1.490896285102878638e+00 -6.359861979823006051e-02 6.359861979823006051e-02 -6.902096945487234958e-02 -1.419778469119352460e+00 -1.540154638364238160e+00
-2.040154638364248818e+00 7.215484455871215008e-01 6.613603609646492298e-01 1.278321871640128782e+00 -1.335282314209766064e+00 -1.278321871640128782e+00
6.018808462247199342e-02 0.000000000000000000e+00 -6.018808462247199342e-02 -5.696044256955645757e-02 0.000000000000000000e+00 5.696044256955645757e-02
-6.613603609646492298e-01 -7.215484455871215008e-01 2.040154638364248818e+00 1.278321871640128782e+00 1.335282314209766064e+00 -1.278321871640128782e+00
-6.359861979823006051e-02 1.490896285102878638e+00 6.359861979823006051e-02 1.540154638364238160e+00 6.902096945487234958e-02 1.419778469119352460e+00
1.427297665304625873e+00 0.000000000000000000e+00 -1.427297665304625873e+00 -1.350757499664480221e+00 0.000000000000000000e+00 1.350757499664480221e+00
-6.359861979823006051e-02 -1.490896285102878638e+00 6.359861979823006051e-02 -1.419778469119352460e+00 -6.902096945487234958e-02 -1.540154638364238160e+00
