1.526788125457266831e+00 0.000000000000000000e+00 0.000000000000000000e+00 0.000000000000000000e+00 -8.136324494869271451e-01 0.000000000000000000e+00 0.000000000000000000e+00 0.000000000000000000e+00 4.007615203116504654e-01 0.000000000000000000e+00 0.000000000000000000e+00 0.000000000000000000e+00 -1.139171962819899853e-01 0.000000000000000000e+00 0.000000000000000000e+00 0.000000000000000000e+00
0.000000000000000000e+00 1.526788125457266831e+00 0.000000000000000000e+00 0.000000000000000000e+00 0.000000000000000000e+00 -8.136324494869271451e-01 0.000000000000000000e+00 0.000000000000000000e+00 0.000000000000000000e+00 4.007615203116504654e-01 0.000000000000000000e+00 0.000000000000000000e+00 0.000000000000000000e+00 -1.139171962819899853e-01 0.000000000000000000e+00 0.000000000000000000e+00
0.000000000000000000e+00 0.000000000000000000e+00 1.526788125457266831e+00 0.000000000000000000e+00 0.000000000000000000e+00 0.000000000000000000e+00 -8.136324494869271451e-01 0.000000000000000000e+00 0.000000000000000000e+00 0.000000000000000000e+00 4.007615203116504654e-01 0.000000000000000000e+00 0.000000000000000000e+00 0.000000000000000000e+00 -1.139171962819899853e-01 0.000000000000000000e+00
0.000000000000000000e+00 0.000000000000000000e+00 0.000000000000000000e+00 1.526788125457266831e+00 0.000000000000000000e+00 0.000000000000000000e+00 0.000000000000000000e+00 -8.136324494869271451e-01 0.000000000000000000e+00 0.000000000000000000e+00 0.000000000000000000e+00 4.007615203116504654e-01 0.000000000000000000e+00 0.000000000000000000e+00 0.000000000000000000e+00 -1.139171962819899853e-01
-1.139171962819899853e-01 4.007615203116504654e-01 -8.136324494869271451e-01 1.526788125457266831e+00 0.000000000000000000e+00 0.000000000000000000e+00 0.000000000000000000e+00 0.000000000000000000e+00 0.000000000000000000e+00 0.000000000000000000e+00 0.000000000000000000e+00 0.000000000000000000e+00 0.000000000000000000e+00 0.000000000000000000e+00 0.000000000000000000e+00 0.000000000000000000e+00
0.000000000000000000e+00 0.000000000000000000e+00 0.000000000000000000e+00 0.000000000000000000e+00 -1.139171962819899853e-01 4.007615203116504654e-01 -8.136324494869271451e-01 1.526788125457266831e+00 0.000000000000000000e+00 0.000000000000000000e+00 0.000000000000000000e+00 0.000000000000000000e+00 0.000000000000000000e+00 0.000000000000000000e+00 0.000000000000000000e+00 0.000000000000000000e+00
0.000000000000000000e+00 0.000000000000000000e+00 0.000000000000000000e+00 0.000000000000000000e+00 0.000000000000000000e+00 0.000000000000000000e+00 0.000000000000000000e+00 0.000000000000000000e+00 -1.139171962819899853e-01 4.007615203116504654e-01 -8.136324494869271451e-01 1.526788125457266831e+00 0.000000000000000000e+00 0.000000000000000000e+00 0.000000000000000000e+00 0.000000000000000000e+00
0.000000000000000000e+00 0.000000000000000000e+00 0.000000000000000000e+00 0.000000000000000000e+00 0.000000000000000000e+00 0.000000000000000000e+00 0.000000000000000000e+00 0.000000000000000000e+00 0.000000000000000000e+00 0.000000000000000000e+00 0.000000000000000000e+00 0.000000000000000000e+00 -1.139171962819899853e-01 4.007615203116504654e-01 -8.136324494869271451e-01 1.526788125457266831e+00
-1.139171962819899853e-01 0.000000000000000000e+00 0.000000000000000000e+00 0.000000000000000000e+00 4.007615203116504654e-01 0.000000000000000000e+00 0.000000000000000000e+00 0.000000000000000000e+00 -8.136324494869271451e-01 0.000000000000000000e+00 0.000000000000000000e+00 0.000000000000000000e+00 1.526788125457266831e+00 0.000000000000000000e+00 0.000000000000000000e+00 0.000000000000000000e+00
0.000000000000000000e+00 -1.139171962819899853e-01 0.000000000000000000e+00 0.000000000000000000e+00 0.000000000000000000e+00 4.007615203116504654e-01 0.000000000000000000e+00 0.000000000000000000e+00 0.000000000000000000e+00 -8.136324494869271451e-01 0.000000000000000000e+00 0.000000000000000000e+00 0.000000000000000000e+00 1.526788125457266831e+00 0.000000000000000000e+00 0.000000000000000000e+00
0.000000000000000000e+00 0.000000000000000000e+00 -1.139171962819899853e-01 0.000000000000000000e+00 0.000000000000000000e+00 0.000000000000000000e+00 4.007615203116504654e-01 0.000000000000000000e+00 0.000000000000000000e+00 0.000000000000000000e+00 -8.136324494869271451e-01 0.000000000000000000e+00 0.000000000000000000e+00 0.000000000000000000e+00 1.526788125457266831e+00 0.000000000000000000e+00
0.000000000000000000e+00 0.000000000000000000e+00 0.000000000000000000e+00 -1.139171962819899853e-01 0.000000000000000000e+00 0.000000000000000000e+00 0.000000000000000000e+00 4.007615203116504654e-01 0.000000000000000000e+00 0.000000000000000000e+00 0.000000000000000000e+00 -8.136324494869271451e-01 0.000000000000000000e+00 0.000000000000000000e+00 0.000000000000000000e+00 1.526788125457266831e+00
1.526788125457266831e+00 -8.136324494869271451e-01 4.007615203116504654e-01 -1.139171962819899853e-01 0.000000000000000000e+00 0.000000000000000000e+00 0.000000000000000000e+00 0.000000000000000000e+00 0.000000000000000000e+00 0.000000000000000000e+00 0.000000000000000000e+00 0.000000000000000000e+00 0.000000000000000000e+00 0.000000000000000000e+00 0.000000000000000000e+00 0.000000000000000000e+00
0.000000000000000000e+00 0.000000000000000000e+00 0.000000000000000000e+00 0.000000000000000000e+00 1.526788125457266831e+00 -8.136324494869271451e-01 4.007615203116504654e-01 -1.139171962819899853e-01 0.000000000000000000e+00 0.000000000000000000e+00 0.000000000000000000e+00 0.000000000000000000e+00 0.000000000000000000e+00 0.000000000000000000e+00 0.000000000000000000e+00 0.000000000000000000e+00
0.000000000000000000e+00 0.000000000000000000e+00 0.000000000000000000e+00 0.000000000000000000e+00 0.000000000000000000e+00 0.000000000000000000e+00 0.000000000000000000e+00 0.000000000000000000e+00 1.526788125457266831e+00 -8.136324494869271451e-01 4.007615203116504654e-01 -1.139171962819899853e-01 0.000000000000000000e+00 0.000000000000000000e+00 0.000000000000000000e+00 0.000000000000000000e+00
0.000000000000000000e+00 0.000000000000000000e+00 0.000000000000000000e+00 0.000000000000000000e+00 0.000000000000000000e+00 0.000000000000000000e+00 0.000000000000000000e+00 0.000000000000000000e+00 0.000000000000000000e+00 0.000000000000000000e+00 0.000000000000000000e+00 0.000000000000000000e+00 1.526788125457266831e+00 -8.136324494869271451e-01 4.007615203116504654e-01 -1.139171962819899853e-01
