3.766849869423852804e-01 9.249186854440407668e-01 1.205841535663667807e+00 9.249186854440407668e-01 3.766849869423852804e-01 -4.818322849606415659e-02 2.000701995511128262e-01 -5.278601076465129216e-01 8.184252285140939387e-01 1.156541911598334238e+01 -3.407068760902798310e-02 1.414709948159382225e-01 -3.732534616347095158e-01 5.787140289764654000e-01 8.177986284176345322e+00
-3.407068760902798310e-02 1.414709948159382225e-01 -3.732534616347095158e-01 5.787140289764654000e-01 8.177986284176345322e+00 1.156541911598334238e+01 8.184252285140939387e-01 -5.278601076465129216e-01 2.000701995511128262e-01 -4.818322849606415659e-02 3.766849869423852804e-01 9.249186854440407668e-01 1.205841535663667807e+00 9.249186854440407668e-01 3.766849869423852804e-01
8.177986284176345322e+00 5.787140289764654000e-01 -3.732534616347095158e-01 1.414709948159382225e-01 -3.407068760902798310e-02 5.327130172762534199e-01 1.308032549047257076e+00 1.705317453808358419e+00 1.308032549047257076e+00 5.327130172762534199e-01 8.177986284176345322e+00 5.787140289764654000e-01 -3.732534616347095158e-01 1.414709948159382225e-01 -3.407068760902798310e-02
3.078013091636327969e-02 4.044323368695615373e-01 9.758930126717720865e-01 4.044323368695615373e-01 3.078013091636327969e-02 1.506291178232738726e-01 2.541820282841475431e-02 -1.658732430060728680e+00 -1.591429826927075464e+00 -2.150303566233587593e-01 1.065108706569843910e-01 1.797338358554717574e-02 -1.172900949469981580e+00 -1.125310822402668887e+00 -1.520494233293387953e-01
1.065108706569843910e-01 1.797338358554717574e-02 -1.172900949469981580e+00 -1.125310822402668887e+00 -1.520494233293387953e-01 -2.150303566233587593e-01 -1.591429826927075464e+00 -1.658732430060728680e+00 2.541820282841475431e-02 1.506291178232738726e-01 3.078013091636327969e-02 4.044323368695615373e-01 9.758930126717720865e-01 4.044323368695615373e-01 3.078013091636327969e-02
-1.520494233293387953e-01 -1.125310822402668887e+00 -1.172900949469981580e+00 1.797338358554717574e-02 1.065108706569843910e-01 4.352967859354001101e-02 5.719536958631779022e-01 1.380121133945558798e+00 5.719536958631779022e-01 4.352967859354001101e-02 -1.520494233293387953e-01 -1.125310822402668887e+00 -1.172900949469981580e+00 1.797338358554717574e-02 1.065108706569843910e-01
-2.111687061258070708e-01 6.143808272731028364e-01 5.454458520792600851e+00 6.143808272731028364e-01 -2.111687061258070708e-01 8.282185224433928905e-01 1.516371255304402421e+00 4.466863034138418564e-01 -1.545117954668113747e-01 -8.273641112673463249e-02 5.856389335240261840e-01 1.072236397422100751e+00 3.158549142070792293e-01 -1.092563383478911132e-01 -5.850347735875227606e-02
5.856389335240261840e-01 1.072236397422100751e+00 3.158549142070792293e-01 -1.092563383478911132e-01 -5.850347735875227606e-02 -8.273641112673463249e-02 -1.545117954668113747e-01 4.466863034138418564e-01 1.516371255304402421e+00 8.282185224433928905e-01 -2.111687061258070708e-01 6.143808272731028364e-01 5.454458520792600851e+00 6.143808272731028364e-01 -2.111687061258070708e-01
-5.850347735875227606e-02 -1.092563383478911132e-01 3.158549142070792293e-01 1.072236397422100751e+00 5.856389335240261840e-01 -2.986376481518948078e-01 8.688656983916234200e-01 7.713769215506387056e+00 8.688656983916234200e-01 -2.986376481518948078e-01 -5.850347735875227606e-02 -1.092563383478911132e-01 3.158549142070792293e-01 1.072236397422100751e+00 5.856389335240261840e-01
-4.441552013474314720e-02 9.218614391798587993e-02 2.356403269331865946e-01 -1.426271532084566029e+00 -1.336189608854139177e+00 9.874534252665861933e-01 8.393616717757296897e+00 5.728748895802935337e-01 -4.216378811915540981e-01 1.047194526843352319e-01 3.493992481548985340e-02 -1.054765566754525125e-01 -7.540302351461829478e-01 -9.794109587905270864e-01 -4.379349075782942857e-01
-1.336189608854139177e+00 -1.426271532084566029e+00 2.356403269331865946e-01 9.218614391798587993e-02 -4.441552013474314720e-02 4.941251554236186783e-02 -1.491663769628393532e-01 -1.066359784983106351e+00 -1.385096261058399669e+00 -6.193334857338314015e-01 6.982350131118872927e-01 5.935183299806958246e+00 4.050837191937203818e-01 -2.981430049956755313e-01 7.404783511523733985e-02
6.982350131118872927e-01 5.935183299806958246e+00 4.050837191937203818e-01 -2.981430049956755313e-01 7.404783511523733985e-02 -6.193334857338314015e-01 -1.385096261058399669e+00 -1.066359784983106351e+00 -1.491663769628393532e-01 4.941251554236186783e-02 -1.336189608854139177e+00 -1.426271532084566029e+00 2.356403269331865946e-01 9.218614391798587993e-02 -4.441552013474314720e-02
7.404783511523733985e-02 -2.981430049956755313e-01 4.050837191937203818e-01 5.935183299806958246e+00 6.982350131118872927e-01 -1.889657466743525305e+00 -2.017052544300646399e+00 3.332457461909421603e-01 1.303708949916935200e-01 -6.281303095440909923e-02 -4.379349075782942857e-01 -9.794109587905270864e-01 -7.540302351461829478e-01 -1.054765566754525125e-01 3.493992481548985340e-02
-4.379349075782942857e-01 -9.794109587905270864e-01 -7.540302351461829478e-01 -1.054765566754525125e-01 3.493992481548985340e-02 -6.281303095440909923e-02 1.303708949916935200e-01 3.332457461909421603e-01 -2.017052544300646399e+00 -1.889657466743525305e+00 7.404783511523733985e-02 -2.981430049956755313e-01 4.050837191937203818e-01 5.935183299806958246e+00 6.982350131118872927e-01
3.493992481548985340e-02 -1.054765566754525125e-01 -7.540302351461829478e-01 -9.794109587905270864e-01 -4.379349075782942857e-01 1.047194526843352319e-01 -4.216378811915540981e-01 5.728748895802935337e-01 8.393616717757296897e+00 9.874534252665861933e-01 -4.441552013474314720e-02 9.218614391798587993e-02 2.356403269331865946e-01 -1.426271532084566029e+00 -1.336189608854139177e+00
