0.000000000000000000e+00 0.000000000000000000e+00 0.000000000000000000e+00 0.000000000000000000e+00 0.000000000000000000e+00 -3.407068760902798310e-02 1.414709948159378339e-01 -3.732534616347098488e-01 5.787140289764655110e-01 8.177986284176345322e+00 3.407068760902798310e-02 -1.414709948159378339e-01 3.732534616347098488e-01 -5.787140289764655110e-01 -8.177986284176345322e+00
0.000000000000000000e+00 0.000000000000000000e+00 0.000000000000000000e+00 0.000000000000000000e+00 0.000000000000000000e+00 8.177986284176345322e+00 5.787140289764655110e-01 -3.732534616347098488e-01 1.414709948159378339e-01 -3.407068760902798310e-02 -3.766849869423852804e-01 -9.249186854440407668e-01 -1.205841535663667363e+00 -9.249186854440407668e-01 -3.766849869423852804e-01
0.000000000000000000e+00 0.000000000000000000e+00 0.000000000000000000e+00 0.000000000000000000e+00 0.000000000000000000e+00 3.766849869423852804e-01 9.249186854440407668e-01 1.205841535663667363e+00 9.249186854440407668e-01 3.766849869423852804e-01 -8.177986284176345322e+00 -5.787140289764655110e-01 3.732534616347098488e-01 -1.414709948159378339e-01 3.407068760902798310e-02
0.000000000000000000e+00 0.000000000000000000e+00 0.000000000000000000e+00 0.000000000000000000e+00 0.000000000000000000e+00 1.065108706569843910e-01 1.797338358554717574e-02 -1.172900949469981580e+00 -1.125310822402668887e+00 -1.520494233293387953e-01 -1.065108706569843910e-01 -1.797338358554717574e-02 1.172900949469981580e+00 1.125310822402668887e+00 1.520494233293387953e-01
0.000000000000000000e+00 0.000000000000000000e+00 0.000000000000000000e+00 0.000000000000000000e+00 0.000000000000000000e+00 -1.520494233293387953e-01 -1.125310822402668887e+00 -1.172900949469981580e+00 1.797338358554717574e-02 1.065108706569843910e-01 -3.078013091636307499e-02 -4.044323368695614263e-01 -9.758930126717719755e-01 -4.044323368695614263e-01 -3.078013091636307499e-02
0.000000000000000000e+00 0.000000000000000000e+00 0.000000000000000000e+00 0.000000000000000000e+00 0.000000000000000000e+00 3.078013091636307499e-02 4.044323368695614263e-01 9.758930126717719755e-01 4.044323368695614263e-01 3.078013091636307499e-02 1.520494233293387953e-01 1.125310822402668887e+00 1.172900949469981580e+00 -1.797338358554717574e-02 -1.065108706569843910e-01
0.000000000000000000e+00 0.000000000000000000e+00 0.000000000000000000e+00 0.000000000000000000e+00 0.000000000000000000e+00 5.856389335240260730e-01 1.072236397422100751e+00 3.158549142070792293e-01 -1.092563383478911132e-01 -5.850347735875227606e-02 -5.856389335240260730e-01 -1.072236397422100751e+00 -3.158549142070792293e-01 1.092563383478911132e-01 5.850347735875227606e-02
0.000000000000000000e+00 0.000000000000000000e+00 0.000000000000000000e+00 0.000000000000000000e+00 0.000000000000000000e+00 -5.850347735875227606e-02 -1.092563383478911132e-01 3.158549142070792293e-01 1.072236397422100751e+00 5.856389335240260730e-01 2.111687061258070708e-01 -6.143808272731028364e-01 -5.454458520792600851e+00 -6.143808272731028364e-01 2.111687061258070708e-01
0.000000000000000000e+00 0.000000000000000000e+00 0.000000000000000000e+00 0.000000000000000000e+00 0.000000000000000000e+00 -2.111687061258070708e-01 6.143808272731028364e-01 5.454458520792600851e+00 6.143808272731028364e-01 -2.111687061258070708e-01 5.850347735875227606e-02 1.092563383478911132e-01 -3.158549142070792293e-01 -1.072236397422100751e+00 -5.856389335240260730e-01
0.000000000000000000e+00 0.000000000000000000e+00 0.000000000000000000e+00 0.000000000000000000e+00 0.000000000000000000e+00 6.982350131118871817e-01 5.935183299806956470e+00 4.050837191937202708e-01 -2.981430049956755868e-01 7.404783511523732598e-02 -3.493992481548974932e-02 1.054765566754525125e-01 7.540302351461830588e-01 9.794109587905268643e-01 4.379349075782942302e-01
0.000000000000000000e+00 0.000000000000000000e+00 0.000000000000000000e+00 0.000000000000000000e+00 0.000000000000000000e+00 3.493992481548974932e-02 -1.054765566754525125e-01 -7.540302351461830588e-01 -9.794109587905268643e-01 -4.379349075782942302e-01 -6.982350131118871817e-01 -5.935183299806956470e+00 -4.050837191937202708e-01 2.981430049956755868e-01 -7.404783511523732598e-02
0.000000000000000000e+00 0.000000000000000000e+00 0.000000000000000000e+00 0.000000000000000000e+00 0.000000000000000000e+00 -4.379349075782942302e-01 -9.794109587905268643e-01 -7.540302351461830588e-01 -1.054765566754525125e-01 3.493992481548974932e-02 1.336189608854139621e+00 1.426271532084566029e+00 -2.356403269331862615e-01 -9.218614391798587993e-02 4.441552013474314720e-02
0.000000000000000000e+00 0.000000000000000000e+00 0.000000000000000000e+00 0.000000000000000000e+00 0.000000000000000000e+00 -1.336189608854139621e+00 -1.426271532084566029e+00 2.356403269331862615e-01 9.218614391798587993e-02 -4.441552013474314720e-02 4.379349075782942302e-01 9.794109587905268643e-01 7.540302351461830588e-01 1.054765566754525125e-01 -3.493992481548974932e-02
0.000000000000000000e+00 0.000000000000000000e+00 0.000000000000000000e+00 0.000000000000000000e+00 0.000000000000000000e+00 -4.441552013474314720e-02 9.218614391798587993e-02 2.356403269331862615e-01 -1.426271532084566029e+00 -1.336189608854139621e+00 -7.404783511523732598e-02 2.981430049956755868e-01 -4.050837191937202708e-01 -5.935183299806956470e+00 -6.982350131118871817e-01
0.000000000000000000e+00 0.000000000000000000e+00 0.000000000000000000e+00 0.000000000000000000e+00 0.000000000000000000e+00 7.404783511523732598e-02 -2.981430049956755868e-01 4.050837191937202708e-01 5.935183299806956470e+00 6.982350131118871817e-01 4.441552013474314720e-02 -9.218614391798587993e-02 -2.356403269331862615e-01 1.426271532084566029e+00 1.336189608854139621e+00
-3.766849869423852804e-01 -9.249186854440407668e-01 -1.205841535663667363e+00 -9.249186854440407668e-01 -3.766849869423852804e-01 -3.407068760902798310e-02 1.414709948159378339e-01 -3.732534616347098488e-01 5.787140289764655110e-01 8.177986284176345322e+00 0.000000000000000000e+00 0.000000000000000000e+00 0.000000000000000000e+00 0.000000000000000000e+00 0.000000000000000000e+00
3.407068760902798310e-02 -1.414709948159378339e-01 3.732534616347098488e-01 -5.787140289764655110e-01 -8.177986284176345322e+00 8.177986284176345322e+00 5.787140289764655110e-01 -3.732534616347098488e-01 1.414709948159378339e-01 -3.407068760902798310e-02 0.000000000000000000e+00 0.000000000000000000e+00 0.000000000000000000e+00 0.000000000000000000e+00 0.000000000000000000e+00
-8.177986284176345322e+00 -5.787140289764655110e-01 3.732534616347098488e-01 -1.414709948159378339e-01 3.407068760902798310e-02 3.766849869423852804e-01 9.249186854440407668e-01 1.205841535663667363e+00 9.249186854440407668e-01 3.766849869423852804e-01 0.000000000000000000e+00 0.000000000000000000e+00 0.000000000000000000e+00 0.000000000000000000e+00 0.000000000000000000e+00
-3.078013091636307499e-02 -4.044323368695614263e-01 -9.758930126717719755e-01 -4.044323368695614263e-01 -3.078013091636307499e-02 1.065108706569843910e-01 1.797338358554717574e-02 -1.172900949469981580e+00 -1.125310822402668887e+00 -1.520494233293387953e-01 0.000000000000000000e+00 0.000000000000000000e+00 0.000000000000000000e+00 0.000000000000000000e+00 0.000000000000000000e+00
-1.065108706569843910e-01 -1.797338358554717574e-02 1.172900949469981580e+00 1.125310822402668887e+00 1.520494233293387953e-01 -1.520494233293387953e-01 -1.125310822402668887e+00 -1.172900949469981580e+00 1.797338358554717574e-02 1.065108706569843910e-01 0.000000000000000000e+00 0.000000000000000000e+00 0.000000000000000000e+00 0.000000000000000000e+00 0.000000000000000000e+00
1.520494233293387953e-01 1.125310822402668887e+00 1.172900949469981580e+00 -1.797338358554717574e-02 -1.065108706569843910e-01 3.078013091636307499e-02 4.044323368695614263e-01 9.758930126717719755e-01 4.044323368695614263e-01 3.078013091636307499e-02 0.000000000000000000e+00 0.000000000000000000e+00 0.000000000000000000e+00 0.000000000000000000e+00 0.000000000000000000e+00
2.111687061258070708e-01 -6.143808272731028364e-01 -5.454458520792600851e+00 -6.143808272731028364e-01 2.111687061258070708e-01 5.856389335240260730e-01 1.072236397422100751e+00 3.158549142070792293e-01 -1.092563383478911132e-01 -5.850347735875227606e-02 0.000000000000000000e+00 0.000000000000000000e+00 0.000000000000000000e+00 0.000000000000000000e+00 0.000000000000000000e+00
-5.856389335240260730e-01 -1.072236397422100751e+00 -3.158549142070792293e-01 1.092563383478911132e-01 5.850347735875227606e-02 -5.850347735875227606e-02 -1.092563383478911132e-01 3.158549142070792293e-01 1.072236397422100751e+00 5.856389335240260730e-01 0.000000000000000000e+00 0.000000000000000000e+00 0.000000000000000000e+00 0.000000000000000000e+00 0.000000000000000000e+00
5.850347735875227606e-02 1.092563383478911132e-01 -3.158549142070792293e-01 -1.072236397422100751e+00 -5.856389335240260730e-01 -2.111687061258070708e-01 6.143808272731028364e-01 5.454458520792600851e+00 6.143808272731028364e-01 -2.111687061258070708e-01 0.000000000000000000e+00 0.000000000000000000e+00 0.000000000000000000e+00 0.000000000000000000e+00 0.000000000000000000e+00
4.441552013474314720e-02 -9.218614391798587993e-02 -2.356403269331862615e-01 1.426271532084566029e+00 1.336189608854139621e+00 6.982350131118871817e-01 5.935183299806956470e+00 4.050837191937202708e-01 -2.981430049956755868e-01 7.404783511523732598e-02 0.000000000000000000e+00 0.000000000000000000e+00 0.000000000000000000e+00 0.000000000000000000e+00 0.000000000000000000e+00
1.336189608854139621e+00 1.426271532084566029e+00 -2.356403269331862615e-01 -9.218614391798587993e-02 4.441552013474314720e-02 3.493992481548974932e-02 -1.054765566754525125e-01 -7.540302351461830588e-01 -9.794109587905268643e-01 -4.379349075782942302e-01 0.000000000000000000e+00 0.000000000000000000e+00 0.000000000000000000e+00 0.000000000000000000e+00 0.000000000000000000e+00
-6.982350131118871817e-01 -5.935183299806956470e+00 -4.050837191937202708e-01 2.981430049956755868e-01 -7.404783511523732598e-02 -4.379349075782942302e-01 -9.794109587905268643e-01 -7.540302351461830588e-01 -1.054765566754525125e-01 3.493992481548974932e-02 0.000000000000000000e+00 0.000000000000000000e+00 0.000000000000000000e+00 0.000000000000000000e+00 0.000000000000000000e+00
-7.404783511523732598e-02 2.981430049956755868e-01 -4.050837191937202708e-01 -5.935183299806956470e+00 -6.982350131118871817e-01 -1.336189608854139621e+00 -1.426271532084566029e+00 2.356403269331862615e-01 9.218614391798587993e-02 -4.441552013474314720e-02 0.000000000000000000e+00 0.000000000000000000e+00 0.000000000000000000e+00 0.000000000000000000e+00 0.000000000000000000e+00
4.379349075782942302e-01 9.794109587905268643e-01 7.540302351461830588e-01 1.054765566754525125e-01 -3.493992481548974932e-02 -4.441552013474314720e-02 9.218614391798587993e-02 2.356403269331862615e-01 -1.426271532084566029e+00 -1.336189608854139621e+00 0.000000000000000000e+00 0.000000000000000000e+00 0.000000000000000000e+00 0.000000000000000000e+00 0.000000000000000000e+00
-3.493992481548974932e-02 1.054765566754525125e-01 7.540302351461830588e-01 9.794109587905268643e-01 4.379349075782942302e-01 7.404783511523732598e-02 -2.981430049956755868e-01 4.050837191937202708e-01 5.935183299806956470e+00 6.982350131118871817e-01 0.000000000000000000e+00 0.000000000000000000e+00 0.000000000000000000e+00 0.000000000000000000e+00 0.000000000000000000e+00
