4.389152966531085553e+00 0.000000000000000000e+00 0.000000000000000000e+00 0.000000000000000000e+00 -3.274848629375161080e-01 0.000000000000000000e+00 0.000000000000000000e+00 0.000000000000000000e+00 -3.274848629375161080e-01 0.000000000000000000e+00 0.000000000000000000e+00 0.000000000000000000e+00 4.389152966531085553e+00 0.000000000000000000e+00 0.000000000000000000e+00 0.000000000000000000e+00
0.000000000000000000e+00 4.389152966531085553e+00 0.000000000000000000e+00 0.000000000000000000e+00 6.145280959667938081e-01 0.000000000000000000e+00 0.000000000000000000e+00 0.000000000000000000e+00 0.000000000000000000e+00 -3.274848629375161080e-01 0.000000000000000000e+00 0.000000000000000000e+00 -1.247624770988934317e+00 0.000000000000000000e+00 0.000000000000000000e+00 0.000000000000000000e+00
0.000000000000000000e+00 0.000000000000000000e+00 4.389152966531085553e+00 0.000000000000000000e+00 -1.247624770988934317e+00 0.000000000000000000e+00 0.000000000000000000e+00 0.000000000000000000e+00 0.000000000000000000e+00 0.000000000000000000e+00 -3.274848629375161080e-01 0.000000000000000000e+00 6.145280959667938081e-01 0.000000000000000000e+00 0.000000000000000000e+00 0.000000000000000000e+00
0.000000000000000000e+00 0.000000000000000000e+00 0.000000000000000000e+00 4.389152966531085553e+00 4.389152966531085553e+00 0.000000000000000000e+00 0.000000000000000000e+00 0.000000000000000000e+00 0.000000000000000000e+00 0.000000000000000000e+00 0.000000000000000000e+00 -3.274848629375161080e-01 -3.274848629375161080e-01 0.000000000000000000e+00 0.000000000000000000e+00 0.000000000000000000e+00
-1.247624770988934317e+00 0.000000000000000000e+00 0.000000000000000000e+00 0.000000000000000000e+00 0.000000000000000000e+00 -3.274848629375161080e-01 0.000000000000000000e+00 0.000000000000000000e+00 6.145280959667938081e-01 0.000000000000000000e+00 0.000000000000000000e+00 0.000000000000000000e+00 0.000000000000000000e+00 4.389152966531085553e+00 0.000000000000000000e+00 0.000000000000000000e+00
0.000000000000000000e+00 -1.247624770988934317e+00 0.000000000000000000e+00 0.000000000000000000e+00 0.000000000000000000e+00 6.145280959667938081e-01 0.000000000000000000e+00 0.000000000000000000e+00 0.000000000000000000e+00 6.145280959667938081e-01 0.000000000000000000e+00 0.000000000000000000e+00 0.000000000000000000e+00 -1.247624770988934317e+00 0.000000000000000000e+00 0.000000000000000000e+00
0.000000000000000000e+00 0.000000000000000000e+00 -1.247624770988934317e+00 0.000000000000000000e+00 0.000000000000000000e+00 -1.247624770988934317e+00 0.000000000000000000e+00 0.000000000000000000e+00 0.000000000000000000e+00 0.000000000000000000e+00 6.145280959667938081e-01 0.000000000000000000e+00 0.000000000000000000e+00 6.145280959667938081e-01 0.000000000000000000e+00 0.000000000000000000e+00
0.000000000000000000e+00 0.000000000000000000e+00 0.000000000000000000e+00 -1.247624770988934317e+00 0.000000000000000000e+00 4.389152966531085553e+00 0.000000000000000000e+00 0.000000000000000000e+00 0.000000000000000000e+00 0.000000000000000000e+00 0.000000000000000000e+00 6.145280959667938081e-01 0.000000000000000000e+00 -3.274848629375161080e-01 0.000000000000000000e+00 0.000000000000000000e+00
6.145280959667938081e-01 0.000000000000000000e+00 0.000000000000000000e+00 0.000000000000000000e+00 0.000000000000000000e+00 0.000000000000000000e+00 -3.274848629375161080e-01 0.000000000000000000e+00 -1.247624770988934317e+00 0.000000000000000000e+00 0.000000000000000000e+00 0.000000000000000000e+00 0.000000000000000000e+00 0.000000000000000000e+00 4.389152966531085553e+00 0.000000000000000000e+00
0.000000000000000000e+00 6.145280959667938081e-01 0.000000000000000000e+00 0.000000000000000000e+00 0.000000000000000000e+00 0.000000000000000000e+00 6.145280959667938081e-01 0.000000000000000000e+00 0.000000000000000000e+00 -1.247624770988934317e+00 0.000000000000000000e+00 0.000000000000000000e+00 0.000000000000000000e+00 0.000000000000000000e+00 -1.247624770988934317e+00 0.000000000000000000e+00
0.000000000000000000e+00 0.000000000000000000e+00 6.145280959667938081e-01 0.000000000000000000e+00 0.000000000000000000e+00 0.000000000000000000e+00 -1.247624770988934317e+00 0.000000000000000000e+00 0.000000000000000000e+00 0.000000000000000000e+00 -1.247624770988934317e+00 0.000000000000000000e+00 0.000000000000000000e+00 0.000000000000000000e+00 6.145280959667938081e-01 0.000000000000000000e+00
0.000000000000000000e+00 0.000000000000000000e+00 0.000000000000000000e+00 6.145280959667938081e-01 0.000000000000000000e+00 0.000000000000000000e+00 4.389152966531085553e+00 0.000000000000000000e+00 0.000000000000000000e+00 0.000000000000000000e+00 0.000000000000000000e+00 -1.247624770988934317e+00 0.000000000000000000e+00 0.000000000000000000e+00 -3.274848629375161080e-01 0.000000000000000000e+00
-3.274848629375161080e-01 0.000000000000000000e+00 0.000000000000000000e+00 0.000000000000000000e+00 0.000000000000000000e+00 0.000000000000000000e+00 0.000000000000000000e+00 -3.274848629375161080e-01 4.389152966531085553e+00 0.000000000000000000e+00 0.000000000000000000e+00 0.000000000000000000e+00 0.000000000000000000e+00 0.000000000000000000e+00 0.000000000000000000e+00 4.389152966531085553e+00
0.000000000000000000e+00 -3.274848629375161080e-01 0.000000000000000000e+00 0.000000000000000000e+00 0.000000000000000000e+00 0.000000000000000000e+00 0.000000000000000000e+00 6.145280959667938081e-01 0.000000000000000000e+00 4.389152966531085553e+00 0.000000000000000000e+00 0.000000000000000000e+00 0.000000000000000000e+00 0.000000000000000000e+00 0.000000000000000000e+00 -1.247624770988934317e+00
0.000000000000000000e+00 0.000000000000000000e+00 -3.274848629375161080e-01 0.000000000000000000e+00 0.000000000000000000e+00 0.000000000000000000e+00 0.000000000000000000e+00 -1.247624770988934317e+00 0.000000000000000000e+00 0.000000000000000000e+00 4.389152966531085553e+00 0.000000000000000000e+00 0.000000000000000000e+00 0.000000000000000000e+00 0.000000000000000000e+00 6.145280959667938081e-01
0.000000000000000000e+00 0.000000000000000000e+00 0.000000000000000000e+00 -3.274848629375161080e-01 0.000000000000000000e+00 0.000000000000000000e+00 0.000000000000000000e+00 4.389152966531085553e+00 0.000000000000000000e+00 0.000000000000000000e+00 0.000000000000000000e+00 4.389152966531085553e+00 0.000000000000000000e+00 0.000000000000000000e+00 0.000000000000000000e+00 -3.274848629375161080e-01
