0.000000000000000000e+00 3.842657907935398409e-02 0.000000000000000000e+00 -3.842657907935398409e-02 4.826420338886705519e-02 0.000000000000000000e+00 0.000000000000000000e+00 -4.826420338886705519e-02 -4.826420338886705519e-02 4.826420338886705519e-02
6.831528089443568152e-01 -2.044954793337812049e+00 6.831528089443568152e-01 6.447262298650026091e-01 -1.713154358543648170e+00 1.713378612589455230e+00 -1.761418561932516003e+00 1.665114409200589174e+00 1.665114409200589174e+00 -1.713154358543648170e+00
0.000000000000000000e+00 3.842657907935398409e-02 0.000000000000000000e+00 -3.842657907935398409e-02 4.826420338886705519e-02 0.000000000000000000e+00 0.000000000000000000e+00 -4.826420338886705519e-02 -4.826420338886705519e-02 4.826420338886705519e-02
-6.831528089443568152e-01 -6.447262298650026091e-01 -6.831528089443568152e-01 2.044954793337812049e+00 -1.665114409200589174e+00 -1.713378612589455230e+00 1.761418561932516003e+00 1.713154358543648170e+00 1.713154358543648170e+00 -1.665114409200589174e+00
-1.242718381183361531e+00 -7.944182540317967778e-02 1.338789305556832010e-01 7.192009092320483798e-02 -1.750033698525934156e+00 -1.482100497097780467e+00 -9.883340641698101781e-02 1.690997950112080872e-01 -1.559921476987359501e+00 -2.101242652740152594e-02
0.000000000000000000e+00 6.195883963247805770e-02 0.000000000000000000e+00 -6.195883963247805770e-02 7.782097988957992207e-02 0.000000000000000000e+00 0.000000000000000000e+00 -7.782097988957992207e-02 -7.782097988957992207e-02 7.782097988957992207e-02
0.000000000000000000e+00 1.163276555780181631e+00 0.000000000000000000e+00 -1.163276555780181631e+00 1.461088070570378372e+00 0.000000000000000000e+00 0.000000000000000000e+00 -1.461088070570378372e+00 -1.461088070570378372e+00 1.461088070570378372e+00
-1.338789305556832010e-01 -7.192009092320483798e-02 1.242718381183361531e+00 7.944182540317967778e-02 -1.690997950112080872e-01 1.482100497097780467e+00 9.883340641698101781e-02 1.750033698525934156e+00 2.101242652740152594e-02 1.559921476987359501e+00
1.242718381183361531e+00 -7.192009092320483798e-02 -1.338789305556832010e-01 7.944182540317967778e-02 1.559921476987359501e+00 1.482100497097780467e+00 9.883340641698101781e-02 2.101242652740152594e-02 1.750033698525934156e+00 -1.690997950112080872e-01
1.338789305556832010e-01 -7.944182540317967778e-02 -1.242718381183361531e+00 7.192009092320483798e-02 -2.101242652740152594e-02 -1.482100497097780467e+00 -9.883340641698101781e-02 -1.559921476987359501e+00 1.690997950112080872e-01 -1.750033698525934156e+00
0.000000000000000000e+00 0.000000000000000000e+00 3.842657907935398409e-02 -3.842657907935398409e-02 0.000000000000000000e+00 4.826420338886705519e-02 -4.826420338886705519e-02 0.000000000000000000e+00 -4.826420338886705519e-02 4.826420338886705519e-02
0.000000000000000000e+00 0.000000000000000000e+00 3.842657907935398409e-02 -3.842657907935398409e-02 0.000000000000000000e+00 4.826420338886705519e-02 -4.826420338886705519e-02 0.000000000000000000e+00 -4.826420338886705519e-02 4.826420338886705519e-02
6.831528089443568152e-01 6.831528089443568152e-01 -2.044954793337812049e+00 6.447262298650026091e-01 1.713378612589455230e+00 -1.713154358543648170e+00 1.665114409200589174e+00 -1.761418561932516003e+00 1.665114409200589174e+00 -1.713154358543648170e+00
-6.831528089443568152e-01 -6.831528089443568152e-01 -6.447262298650026091e-01 2.044954793337812049e+00 -1.713378612589455230e+00 -1.665114409200589174e+00 1.713154358543648170e+00 1.761418561932516003e+00 1.713154358543648170e+00 -1.665114409200589174e+00
0.000000000000000000e+00 0.000000000000000000e+00 6.195883963247805770e-02 -6.195883963247805770e-02 0.000000000000000000e+00 7.782097988957992207e-02 -7.782097988957992207e-02 0.000000000000000000e+00 -7.782097988957992207e-02 7.782097988957992207e-02
-1.242718381183361531e+00 1.338789305556832010e-01 -7.944182540317967778e-02 7.192009092320483798e-02 -1.482100497097780467e+00 -1.750033698525934156e+00 1.690997950112080872e-01 -9.883340641698101781e-02 -1.559921476987359501e+00 -2.101242652740152594e-02
-1.338789305556832010e-01 1.242718381183361531e+00 -7.192009092320483798e-02 7.944182540317967778e-02 1.482100497097780467e+00 -1.690997950112080872e-01 1.750033698525934156e+00 9.883340641698101781e-02 2.101242652740152594e-02 1.559921476987359501e+00
0.000000000000000000e+00 0.000000000000000000e+00 1.163276555780181631e+00 -1.163276555780181631e+00 0.000000000000000000e+00 1.461088070570378372e+00 -1.461088070570378372e+00 0.000000000000000000e+00 -1.461088070570378372e+00 1.461088070570378372e+00
1.242718381183361531e+00 -1.338789305556832010e-01 -7.192009092320483798e-02 7.944182540317967778e-02 1.482100497097780467e+00 1.559921476987359501e+00 2.101242652740152594e-02 9.883340641698101781e-02 1.750033698525934156e+00 -1.690997950112080872e-01
1.338789305556832010e-01 -1.242718381183361531e+00 -7.944182540317967778e-02 7.192009092320483798e-02 -1.482100497097780467e+00 -2.101242652740152594e-02 -1.559921476987359501e+00 -9.883340641698101781e-02 1.690997950112080872e-01 -1.750033698525934156e+00
-2.044954793337812049e+00 6.831528089443568152e-01 6.831528089443568152e-01 6.447262298650026091e-01 -1.713154358543648170e+00 -1.713154358543648170e+00 1.665114409200589174e+00 1.665114409200589174e+00 -1.761418561932516003e+00 1.713378612589455230e+00
3.842657907935398409e-02 0.000000000000000000e+00 0.000000000000000000e+00 -3.842657907935398409e-02 4.826420338886705519e-02 4.826420338886705519e-02 -4.826420338886705519e-02 -4.826420338886705519e-02 0.000000000000000000e+00 0.000000000000000000e+00
3.842657907935398409e-02 0.000000000000000000e+00 0.000000000000000000e+00 -3.842657907935398409e-02 4.826420338886705519e-02 4.826420338886705519e-02 -4.826420338886705519e-02 -4.826420338886705519e-02 0.000000000000000000e+00 0.000000000000000000e+00
-6.447262298650026091e-01 -6.831528089443568152e-01 -6.831528089443568152e-01 2.044954793337812049e+00 -1.665114409200589174e+00 -1.665114409200589174e+00 1.713154358543648170e+00 1.713154358543648170e+00 1.761418561932516003e+00 -1.713378612589455230e+00
-7.944182540317967778e-02 -1.242718381183361531e+00 1.338789305556832010e-01 7.192009092320483798e-02 -1.750033698525934156e+00 -2.101242652740152594e-02 -1.559921476987359501e+00 1.690997950112080872e-01 -9.883340641698101781e-02 -1.482100497097780467e+00
-7.944182540317967778e-02 1.338789305556832010e-01 -1.242718381183361531e+00 7.192009092320483798e-02 -2.101242652740152594e-02 -1.750033698525934156e+00 1.690997950112080872e-01 -1.559921476987359501e+00 -9.883340641698101781e-02 -1.482100497097780467e+00
-7.192009092320483798e-02 1.242718381183361531e+00 -1.338789305556832010e-01 7.944182540317967778e-02 1.559921476987359501e+00 -1.690997950112080872e-01 1.750033698525934156e+00 2.101242652740152594e-02 9.883340641698101781e-02 1.482100497097780467e+00
-7.192009092320483798e-02 -1.338789305556832010e-01 1.242718381183361531e+00 7.944182540317967778e-02 -1.690997950112080872e-01 1.559921476987359501e+00 2.101242652740152594e-02 1.750033698525934156e+00 9.883340641698101781e-02 1.482100497097780467e+00
1.163276555780181631e+00 0.000000000000000000e+00 0.000000000000000000e+00 -1.163276555780181631e+00 1.461088070570378372e+00 1.461088070570378372e+00 -1.461088070570378372e+00 -1.461088070570378372e+00 0.000000000000000000e+00 0.000000000000000000e+00
6.195883963247805770e-02 0.000000000000000000e+00 0.000000000000000000e+00 -6.195883963247805770e-02 7.782097988957992207e-02 7.782097988957992207e-02 -7.782097988957992207e-02 -7.782097988957992207e-02 0.000000000000000000e+00 0.000000000000000000e+00
