-3.090169943749498938e-01 6.366100187501753938e-02 1.181694990624914787e+00 6.366100187501753938e-02
-3.090169943749498938e-01 1.181694990624914787e+00 6.366100187501753938e-02 6.366100187501753938e-02
-3.090169943749498938e-01 6.366100187501753938e-02 6.366100187501753938e-02 1.181694990624914787e+00
1.181694990624914787e+00 6.366100187501753938e-02 -3.090169943749498938e-01 6.366100187501753938e-02
6.366100187501753938e-02 1.181694990624914787e+00 -3.090169943749498938e-01 6.366100187501753938e-02
6.366100187501753938e-02 6.366100187501753938e-02 -3.090169943749498938e-01 1.181694990624914787e+00
6.366100187501753938e-02 -3.090169943749498938e-01 1.181694990624914787e+00 6.366100187501753938e-02
1.181694990624914787e+00 -3.090169943749498938e-01 6.366100187501753938e-02 6.366100187501753938e-02
6.366100187501753938e-02 -3.090169943749498938e-01 6.366100187501753938e-02 1.181694990624914787e+00
6.366100187501753938e-02 6.366100187501753938e-02 1.181694990624914787e+00 -3.090169943749498938e-01
6.366100187501753938e-02 1.181694990624914787e+00 6.366100187501753938e-02 -3.090169943749498938e-01
1.181694990624914787e+00 6.366100187501753938e-02 6.366100187501753938e-02 -3.090169943749498938e-01
