0.000000000000000000e+00 0.000000000000000000e+00 0.000000000000000000e+00 0.000000000000000000e+00 0.000000000000000000e+00 0.000000000000000000e+00 -1.273220037500384372e-01 -2.363389981249802041e+00 -1.273220037500384372e-01 1.273220037500384372e-01 1.273220037500384372e-01 2.363389981249802041e+00
0.000000000000000000e+00 0.000000000000000000e+00 0.000000000000000000e+00 0.000000000000000000e+00 0.000000000000000000e+00 0.000000000000000000e+00 6.180339887498874640e-01 6.180339887498874640e-01 6.180339887498874640e-01 1.273220037500384372e-01 2.363389981249802041e+00 1.273220037500384372e-01
0.000000000000000000e+00 0.000000000000000000e+00 0.000000000000000000e+00 0.000000000000000000e+00 0.000000000000000000e+00 0.000000000000000000e+00 -2.363389981249802041e+00 -1.273220037500384372e-01 -1.273220037500384372e-01 2.363389981249802041e+00 1.273220037500384372e-01 1.273220037500384372e-01
0.000000000000000000e+00 0.000000000000000000e+00 0.000000000000000000e+00 0.000000000000000000e+00 0.000000000000000000e+00 0.000000000000000000e+00 -1.273220037500384372e-01 -1.273220037500384372e-01 -2.363389981249802041e+00 -6.180339887498874640e-01 -6.180339887498874640e-01 -6.180339887498874640e-01
0.000000000000000000e+00 0.000000000000000000e+00 0.000000000000000000e+00 -2.363389981249802041e+00 -1.273220037500384372e-01 -1.273220037500384372e-01 0.000000000000000000e+00 0.000000000000000000e+00 0.000000000000000000e+00 1.273220037500384372e-01 1.273220037500384372e-01 2.363389981249802041e+00
0.000000000000000000e+00 0.000000000000000000e+00 0.000000000000000000e+00 -1.273220037500384372e-01 -2.363389981249802041e+00 -1.273220037500384372e-01 0.000000000000000000e+00 0.000000000000000000e+00 0.000000000000000000e+00 1.273220037500384372e-01 2.363389981249802041e+00 1.273220037500384372e-01
0.000000000000000000e+00 0.000000000000000000e+00 0.000000000000000000e+00 6.180339887498874640e-01 6.180339887498874640e-01 6.180339887498874640e-01 0.000000000000000000e+00 0.000000000000000000e+00 0.000000000000000000e+00 2.363389981249802041e+00 1.273220037500384372e-01 1.273220037500384372e-01
0.000000000000000000e+00 0.000000000000000000e+00 0.000000000000000000e+00 -1.273220037500384372e-01 -1.273220037500384372e-01 -2.363389981249802041e+00 0.000000000000000000e+00 0.000000000000000000e+00 0.000000000000000000e+00 -6.180339887498874640e-01 -6.180339887498874640e-01 -6.180339887498874640e-01
6.180339887498874640e-01 6.180339887498874640e-01 6.180339887498874640e-01 0.000000000000000000e+00 0.000000000000000000e+00 0.000000000000000000e+00 0.000000000000000000e+00 0.000000000000000000e+00 0.000000000000000000e+00 1.273220037500384372e-01 1.273220037500384372e-01 2.363389981249802041e+00
-1.273220037500384372e-01 -2.363389981249802041e+00 -1.273220037500384372e-01 0.000000000000000000e+00 0.000000000000000000e+00 0.000000000000000000e+00 0.000000000000000000e+00 0.000000000000000000e+00 0.000000000000000000e+00 1.273220037500384372e-01 2.363389981249802041e+00 1.273220037500384372e-01
-2.363389981249802041e+00 -1.273220037500384372e-01 -1.273220037500384372e-01 0.000000000000000000e+00 0.000000000000000000e+00 0.000000000000000000e+00 0.000000000000000000e+00 0.000000000000000000e+00 0.000000000000000000e+00 2.363389981249802041e+00 1.273220037500384372e-01 1.273220037500384372e-01
-1.273220037500384372e-01 -1.273220037500384372e-01 -2.363389981249802041e+00 0.000000000000000000e+00 0.000000000000000000e+00 0.000000000000000000e+00 0.000000000000000000e+00 0.000000000000000000e+00 0.000000000000000000e+00 -6.180339887498874640e-01 -6.180339887498874640e-01 -6.180339887498874640e-01
