-9.317637155723257347e-03 -8.480139426291666283e-02 1.909215055950408413e-02 1.307643607226400606e+00 1.069077635493631551e-02 -6.688987922827424049e-01 2.055897837119792237e-01 -8.035417718869983239e-02 3.139569161048014756e-01 -1.360123306753963091e-02
-6.000294893938931118e-01 -1.208050050634916772e-01 -3.774132900735335805e-02 4.783219882870978074e-02 2.376128253747419872e-02 -3.142121016181043669e-01 1.402532525197397018e+00 1.516896732159434547e-01 3.025928817647565161e-01 1.443793635385613450e-01
-6.000294893938931118e-01 -1.208050050634916772e-01 4.783219882870978074e-02 -3.774132900735335805e-02 -3.142121016181043669e-01 2.376128253747419872e-02 1.516896732159434547e-01 1.402532525197397018e+00 1.443793635385613450e-01 3.025928817647565161e-01
-9.317637155723257347e-03 -8.480139426291666283e-02 1.307643607226400606e+00 1.909215055950408413e-02 -6.688987922827424049e-01 1.069077635493631551e-02 -8.035417718869983239e-02 2.055897837119792237e-01 -1.360123306753963091e-02 3.139569161048014756e-01
-9.317637155723257347e-03 1.909215055950408413e-02 1.307643607226400606e+00 -8.480139426291666283e-02 2.055897837119792237e-01 -1.360123306753963091e-02 3.139569161048014756e-01 -6.688987922827424049e-01 1.069077635493631551e-02 -8.035417718869983239e-02
-6.000294893938931118e-01 -3.774132900735335805e-02 4.783219882870978074e-02 -1.208050050634916772e-01 1.402532525197397018e+00 1.443793635385613450e-01 3.025928817647565161e-01 -3.142121016181043669e-01 2.376128253747419872e-02 1.516896732159434547e-01
-6.000294893938931118e-01 4.783219882870978074e-02 -3.774132900735335805e-02 -1.208050050634916772e-01 1.516896732159434547e-01 3.025928817647565161e-01 1.443793635385613450e-01 2.376128253747419872e-02 -3.142121016181043669e-01 1.402532525197397018e+00
-9.317637155723257347e-03 1.307643607226400606e+00 1.909215055950408413e-02 -8.480139426291666283e-02 -8.035417718869983239e-02 3.139569161048014756e-01 -1.360123306753963091e-02 1.069077635493631551e-02 -6.688987922827424049e-01 2.055897837119792237e-01
-9.317637155723257347e-03 1.909215055950408413e-02 -8.480139426291666283e-02 1.307643607226400606e+00 -1.360123306753963091e-02 2.055897837119792237e-01 -6.688987922827424049e-01 3.139569161048014756e-01 -8.035417718869983239e-02 1.069077635493631551e-02
-6.000294893938931118e-01 -3.774132900735335805e-02 -1.208050050634916772e-01 4.783219882870978074e-02 1.443793635385613450e-01 1.402532525197397018e+00 -3.142121016181043669e-01 3.025928817647565161e-01 1.516896732159434547e-01 2.376128253747419872e-02
-6.000294893938931118e-01 4.783219882870978074e-02 -1.208050050634916772e-01 -3.774132900735335805e-02 3.025928817647565161e-01 1.516896732159434547e-01 2.376128253747419872e-02 1.443793635385613450e-01 1.402532525197397018e+00 -3.142121016181043669e-01
-9.317637155723257347e-03 1.307643607226400606e+00 -8.480139426291666283e-02 1.909215055950408413e-02 3.139569161048014756e-01 -8.035417718869983239e-02 1.069077635493631551e-02 -1.360123306753963091e-02 2.055897837119792237e-01 -6.688987922827424049e-01
