1.207589678474582373e-01 -2.988924426965455794e-02 1.163224441221764938e+00 -2.988924426965455794e-02 1.018029598094702393e-02 -5.146589085753742188e-01 -1.351974211280959626e-02 1.418065690981876736e-01 1.018029598094702393e-02 1.418065690981876736e-01
1.207589678474582373e-01 1.163224441221764938e+00 -2.988924426965455794e-02 -2.988924426965455794e-02 -5.146589085753742188e-01 1.018029598094702393e-02 1.418065690981876736e-01 -1.351974211280959626e-02 1.018029598094702393e-02 1.418065690981876736e-01
1.207589678474582373e-01 -2.988924426965455794e-02 -2.988924426965455794e-02 1.163224441221764938e+00 1.018029598094702393e-02 1.018029598094702393e-02 1.418065690981876736e-01 1.418065690981876736e-01 -5.146589085753742188e-01 -1.351974211280959626e-02
1.474136459715248981e-01 5.032626304818957341e-02 -2.322602706993273647e-02 5.032626304818957341e-02 -3.106380153867917548e-01 3.163324333116172143e-03 1.283814821077005064e+00 5.472887018274543575e-02 -3.106380153867917548e-01 5.472887018274543575e-02
1.474136459715248981e-01 -2.322602706993273647e-02 5.032626304818957341e-02 5.032626304818957341e-02 3.163324333116172143e-03 -3.106380153867917548e-01 5.472887018274543575e-02 1.283814821077005064e+00 -3.106380153867917548e-01 5.472887018274543575e-02
1.474136459715248981e-01 5.032626304818957341e-02 5.032626304818957341e-02 -2.322602706993273647e-02 -3.106380153867917548e-01 -3.106380153867917548e-01 5.472887018274543575e-02 5.472887018274543575e-02 3.163324333116172143e-03 1.283814821077005064e+00
1.163224441221764938e+00 -2.988924426965455794e-02 1.207589678474582373e-01 -2.988924426965455794e-02 1.418065690981876736e-01 -5.146589085753742188e-01 -1.351974211280959626e-02 1.018029598094702393e-02 1.418065690981876736e-01 1.018029598094702393e-02
-2.988924426965455794e-02 1.163224441221764938e+00 1.207589678474582373e-01 -2.988924426965455794e-02 1.418065690981876736e-01 1.018029598094702393e-02 1.418065690981876736e-01 1.018029598094702393e-02 -1.351974211280959626e-02 -5.146589085753742188e-01
-2.988924426965455794e-02 -2.988924426965455794e-02 1.207589678474582373e-01 1.163224441221764938e+00 -1.351974211280959626e-02 1.018029598094702393e-02 1.418065690981876736e-01 -5.146589085753742188e-01 1.418065690981876736e-01 1.018029598094702393e-02
-2.322602706993273647e-02 5.032626304818957341e-02 1.474136459715248981e-01 5.032626304818957341e-02 5.472887018274543575e-02 3.163324333116172143e-03 1.283814821077005064e+00 -3.106380153867917548e-01 5.472887018274543575e-02 -3.106380153867917548e-01
5.032626304818957341e-02 -2.322602706993273647e-02 1.474136459715248981e-01 5.032626304818957341e-02 5.472887018274543575e-02 -3.106380153867917548e-01 5.472887018274543575e-02 -3.106380153867917548e-01 1.283814821077005064e+00 3.163324333116172143e-03
5.032626304818957341e-02 5.032626304818957341e-02 1.474136459715248981e-01 -2.322602706993273647e-02 1.283814821077005064e+00 -3.106380153867917548e-01 5.472887018274543575e-02 3.163324333116172143e-03 5.472887018274543575e-02 -3.106380153867917548e-01
-2.988924426965455794e-02 1.207589678474582373e-01 1.163224441221764938e+00 -2.988924426965455794e-02 1.018029598094702393e-02 1.418065690981876736e-01 1.018029598094702393e-02 1.418065690981876736e-01 -1.351974211280959626e-02 -5.146589085753742188e-01
1.163224441221764938e+00 1.207589678474582373e-01 -2.988924426965455794e-02 -2.988924426965455794e-02 -5.146589085753742188e-01 1.418065690981876736e-01 1.018029598094702393e-02 -1.351974211280959626e-02 1.418065690981876736e-01 1.018029598094702393e-02
-2.988924426965455794e-02 1.207589678474582373e-01 -2.988924426965455794e-02 1.163224441221764938e+00 1.018029598094702393e-02 -1.351974211280959626e-02 -5.146589085753742188e-01 1.418065690981876736e-01 1.418065690981876736e-01 1.018029598094702393e-02
5.032626304818957341e-02 1.474136459715248981e-01 -2.322602706993273647e-02 5.032626304818957341e-02 -3.106380153867917548e-01 5.472887018274543575e-02 -3.106380153867917548e-01 5.472887018274543575e-02 1.283814821077005064e+00 3.163324333116172143e-03
-2.322602706993273647e-02 1.474136459715248981e-01 5.032626304818957341e-02 5.032626304818957341e-02 3.163324333116172143e-03 5.472887018274543575e-02 -3.106380153867917548e-01 1.283814821077005064e+00 5.472887018274543575e-02 -3.106380153867917548e-01
5.032626304818957341e-02 1.474136459715248981e-01 5.032626304818957341e-02 -2.322602706993273647e-02 -3.106380153867917548e-01 1.283814821077005064e+00 3.163324333116172143e-03 5.472887018274543575e-02 5.472887018274543575e-02 -3.106380153867917548e-01
-2.988924426965455794e-02 -2.988924426965455794e-02 1.163224441221764938e+00 1.207589678474582373e-01 -1.351974211280959626e-02 1.418065690981876736e-01 1.018029598094702393e-02 -5.146589085753742188e-01 1.018029598094702393e-02 1.418065690981876736e-01
-2.988924426965455794e-02 1.163224441221764938e+00 -2.988924426965455794e-02 1.207589678474582373e-01 1.418065690981876736e-01 -1.351974211280959626e-02 -5.146589085753742188e-01 1.018029598094702393e-02 1.018029598094702393e-02 1.418065690981876736e-01
1.163224441221764938e+00 -2.988924426965455794e-02 -2.988924426965455794e-02 1.207589678474582373e-01 1.418065690981876736e-01 1.418065690981876736e-01 1.018029598094702393e-02 1.018029598094702393e-02 -5.146589085753742188e-01 -1.351974211280959626e-02
5.032626304818957341e-02 5.032626304818957341e-02 -2.322602706993273647e-02 1.474136459715248981e-01 1.283814821077005064e+00 5.472887018274543575e-02 -3.106380153867917548e-01 3.163324333116172143e-03 -3.106380153867917548e-01 5.472887018274543575e-02
5.032626304818957341e-02 -2.322602706993273647e-02 5.032626304818957341e-02 1.474136459715248981e-01 5.472887018274543575e-02 1.283814821077005064e+00 3.163324333116172143e-03 -3.106380153867917548e-01 -3.106380153867917548e-01 5.472887018274543575e-02
-2.322602706993273647e-02 5.032626304818957341e-02 5.032626304818957341e-02 1.474136459715248981e-01 5.472887018274543575e-02 5.472887018274543575e-02 -3.106380153867917548e-01 -3.106380153867917548e-01 3.163324333116172143e-03 1.283814821077005064e+00
